           0.00  1.00000 
      137689.47  0.99738 
      275378.93  0.99476 
      413068.40  0.99215 
      550757.87  0.98954 
      688447.33  0.98694 
      826136.80  0.98435 
      963826.27  0.98177 
     1101515.73  0.97919 
     1239205.20  0.97662 
     1376894.67  0.97405 
     1514584.14  0.97150 
     1652273.60  0.96894 
     1789963.07  0.96640 
     1927652.54  0.96386 
     2065342.00  0.96133 
     2203031.47  0.95881 
     2340720.94  0.95629 
     2478410.40  0.95378 
     2616099.87  0.95127 
     2753789.34  0.94878 
     2891478.80  0.94628 
     3029168.27  0.94380 
     3166857.74  0.94132 
     3304547.20  0.93885 
     3442236.67  0.93639 
     3579926.14  0.93393 
     3717615.60  0.93148 
     3855305.07  0.92904 
     3992994.54  0.92660 
     4130684.01  0.92417 
     4268373.47  0.92175 
     4406062.94  0.91933 
     4543752.41  0.91692 
     4681441.87  0.91451 
     4819131.34  0.91212 
     4956820.81  0.90973 
     5094510.27  0.90735 
     5232199.74  0.90497 
     5369889.21  0.90260 
     5507578.67  0.90024 
     5645268.14  0.89788 
     5782957.61  0.89553 
     5920647.07  0.89319 
     6058336.54  0.89085 
     6196026.01  0.88852 
     6333715.47  0.88620 
     6471404.94  0.88389 
     6609094.41  0.88158 
     6746783.88  0.87928 
     6884473.34  0.87698 
     7022162.81  0.87469 
     7159852.28  0.87241 
     7297541.74  0.87014 
     7435231.21  0.86787 
     7572920.68  0.86561 
     7710610.14  0.86335 
     7848299.61  0.86110 
     7985989.08  0.85886 
     8123678.54  0.85663 
     8261368.01  0.85440 
     8399057.48  0.85218 
     8536746.94  0.84997 
     8674436.41  0.84776 
     8812125.88  0.84556 
     8949815.35  0.84337 
     9087504.81  0.84118 
     9225194.28  0.83900 
     9362883.75  0.83683 
     9500573.21  0.83466 
     9638262.68  0.83250 
     9775952.15  0.83035 
     9913641.61  0.82821 
    10051331.08  0.82607 
    10189020.55  0.82394 
    10326710.01  0.82181 
    10464399.48  0.81969 
    10602088.95  0.81758 
    10739778.41  0.81548 
    10877467.88  0.81338 
    11015157.35  0.81129 
    11152846.81  0.80921 
    11290536.28  0.80713 
    11428225.75  0.80506 
    11565915.22  0.80300 
    11703604.68  0.80094 
    11841294.15  0.79889 
    11978983.62  0.79685 
    12116673.08  0.79481 
    12254362.55  0.79278 
    12392052.02  0.79076 
    12529741.48  0.78875 
    12667430.95  0.78674 
    12805120.42  0.78474 
    12942809.88  0.78274 
    13080499.35  0.78076 
    13218188.82  0.77877 
    13355878.28  0.77680 
    13493567.75  0.77483 
    13631257.22  0.77287 
    13768946.68  0.77092 
    13906636.15  0.76897 
    14044325.62  0.76704 
    14182015.09  0.76510 
    14319704.55  0.76318 
    14457394.02  0.76126 
    14595083.49  0.75935 
    14732772.95  0.75744 
    14870462.42  0.75554 
    15008151.89  0.75365 
    15145841.35  0.75177 
    15283530.82  0.74989 
    15421220.29  0.74802 
    15558909.75  0.74616 
    15696599.22  0.74430 
    15834288.69  0.74245 
    15971978.15  0.74061 
    16109667.62  0.73878 
    16247357.09  0.73695 
    16385046.55  0.73513 
    16522736.02  0.73331 
    16660425.49  0.73150 
    16798114.96  0.72970 
    16935804.42  0.72791 
    17073493.89  0.72612 
    17211183.36  0.72434 
    17348872.82  0.72257 
    17486562.29  0.72080 
    17624251.76  0.71904 
    17761941.22  0.71729 
    17899630.69  0.71555 
    18037320.16  0.71381 
    18175009.62  0.71208 
    18312699.09  0.71035 
    18450388.56  0.70864 
    18588078.02  0.70693 
    18725767.49  0.70522 
    18863456.96  0.70353 
    19001146.42  0.70184 
    19138835.89  0.70016 
    19276525.36  0.69848 
    19414214.83  0.69681 
    19551904.29  0.69515 
    19689593.76  0.69350 
    19827283.23  0.69185 
    19964972.69  0.69021 
    20102662.16  0.68858 
    20240351.63  0.68695 
    20378041.09  0.68533 
    20515730.56  0.68372 
    20653420.03  0.68211 
    20791109.49  0.68052 
    20928798.96  0.67892 
    21066488.43  0.67734 
    21204177.89  0.67576 
    21341867.36  0.67419 
    21479556.83  0.67263 
    21617246.29  0.67107 
    21754935.76  0.66953 
    21892625.23  0.66798 
    22030314.70  0.66645 
    22168004.16  0.66492 
    22305693.63  0.66340 
    22443383.10  0.66189 
    22581072.56  0.66038 
    22718762.03  0.65888 
    22856451.50  0.65739 
    22994140.96  0.65590 
    23131830.43  0.65442 
    23269519.90  0.65295 
    23407209.36  0.65149 
    23544898.83  0.65003 
    23682588.30  0.64858 
    23820277.76  0.64714 
    23957967.23  0.64570 
    24095656.70  0.64427 
    24233346.16  0.64285 
    24371035.63  0.64144 
    24508725.10  0.64003 
    24646414.57  0.63863 
    24784104.03  0.63723 
    24921793.50  0.63585 
    25059482.97  0.63447 
    25197172.43  0.63310 
    25334861.90  0.63173 
    25472551.37  0.63037 
    25610240.83  0.62902 
    25747930.30  0.62768 
    25885619.77  0.62634 
    26023309.23  0.62501 
    26160998.70  0.62369 
    26298688.17  0.62237 
    26436377.63  0.62107 
    26574067.10  0.61976 
    26711756.57  0.61847 
    26849446.04  0.61718 
    26987135.50  0.61590 
    27124824.97  0.61463 
    27262514.44  0.61337 
    27400203.90  0.61211 
    27537893.37  0.61086 
    27675582.84  0.60961 
    27813272.30  0.60838 
    27950961.77  0.60715 
    28088651.24  0.60592 
    28226340.70  0.60471 
    28364030.17  0.60350 
    28501719.64  0.60230 
    28639409.10  0.60110 
    28777098.57  0.59992 
    28914788.04  0.59874 
    29052477.50  0.59756 
    29190166.97  0.59640 
    29327856.44  0.59524 
    29465545.91  0.59409 
    29603235.37  0.59295 
    29740924.84  0.59181 
    29878614.31  0.59068 
    30016303.77  0.58956 
    30153993.24  0.58844 
    30291682.71  0.58733 
    30429372.17  0.58623 
    30567061.64  0.58514 
    30704751.11  0.58405 
    30842440.57  0.58297 
    30980130.04  0.58190 
    31117819.51  0.58084 
    31255508.97  0.57978 
    31393198.44  0.57873 
    31530887.91  0.57769 
    31668577.37  0.57665 
    31806266.84  0.57562 
    31943956.31  0.57460 
    32081645.78  0.57359 
    32219335.24  0.57258 
    32357024.71  0.57158 
    32494714.18  0.57059 
    32632403.64  0.56960 
    32770093.11  0.56862 
    32907782.58  0.56765 
    33045472.04  0.56669 
    33183161.51  0.56573 
    33320850.98  0.56478 
    33458540.44  0.56384 
    33596229.91  0.56291 
    33733919.38  0.56198 
    33871608.84  0.56106 
    34009298.31  0.56014 
    34146987.78  0.55924 
    34284677.24  0.55834 
    34422366.71  0.55745 
    34560056.18  0.55657 
    34697745.65  0.55569 
    34835435.11  0.55482 
    34973124.58  0.55396 
    35110814.05  0.55310 
    35248503.51  0.55225 
    35386192.98  0.55141 
    35523882.45  0.55058 
    35661571.91  0.54976 
    35799261.38  0.54894 
    35936950.85  0.54813 
    36074640.31  0.54732 
    36212329.78  0.54653 
    36350019.25  0.54574 
    36487708.71  0.54495 
    36625398.18  0.54418 
    36763087.65  0.54341 
    36900777.11  0.54265 
    37038466.58  0.54190 
    37176156.05  0.54115 
    37313845.52  0.54042 
    37451534.98  0.53968 
    37589224.45  0.53896 
    37726913.92  0.53824 
    37864603.38  0.53754 
    38002292.85  0.53683 
    38139982.32  0.53614 
    38277671.78  0.53545 
    38415361.25  0.53477 
    38553050.72  0.53410 
    38690740.18  0.53344 
    38828429.65  0.53278 
    38966119.12  0.53213 
    39103808.58  0.53149 
    39241498.05  0.53085 
    39379187.52  0.53022 
    39516876.98  0.52960 
    39654566.45  0.52899 
    39792255.92  0.52838 
    39929945.39  0.52778 
    40067634.85  0.52719 
    40205324.32  0.52661 
    40343013.79  0.52603 
    40480703.25  0.52546 
    40618392.72  0.52490 
    40756082.19  0.52434 
    40893771.65  0.52380 
    41031461.12  0.52326 
    41169150.59  0.52272 
    41306840.05  0.52220 
    41444529.52  0.52168 
    41582218.99  0.52117 
    41719908.45  0.52067 
    41857597.92  0.52017 
    41995287.39  0.51969 
    42132976.85  0.51920 
    42270666.32  0.51873 
    42408355.79  0.51827 
    42546045.26  0.51781 
    42683734.72  0.51736 
    42821424.19  0.51691 
    42959113.66  0.51648 
    43096803.12  0.51605 
    43234492.59  0.51563 
    43372182.06  0.51521 
    43509871.52  0.51481 
    43647560.99  0.51441 
    43785250.46  0.51401 
    43922939.92  0.51363 
    44060629.39  0.51325 
    44198318.86  0.51288 
    44336008.32  0.51252 
    44473697.79  0.51217 
    44611387.26  0.51182 
    44749076.73  0.51148 
    44886766.19  0.51115 
    45024455.66  0.51082 
    45162145.13  0.51051 
    45299834.59  0.51020 
    45437524.06  0.50990 
    45575213.53  0.50960 
    45712902.99  0.50931 
    45850592.46  0.50903 
    45988281.93  0.50876 
    46125971.39  0.50850 
    46263660.86  0.50824 
    46401350.33  0.50799 
    46539039.79  0.50775 
    46676729.26  0.50751 
    46814418.73  0.50728 
    46952108.19  0.50706 
    47089797.66  0.50685 
    47227487.13  0.50665 
    47365176.60  0.50645 
    47502866.06  0.50626 
    47640555.53  0.50608 
    47778245.00  0.50590 
    47915934.46  0.50573 
    48053623.93  0.50557 
    48191313.40  0.50542 
    48329002.86  0.50528 
    48466692.33  0.50514 
    48604381.80  0.50501 
    48742071.26  0.50489 
    48879760.73  0.50477 
    49017450.20  0.50466 
    49155139.66  0.50456 
    49292829.13  0.50447 
    49430518.60  0.50439 
    49568208.06  0.50431 
    49705897.53  0.50424 
    49843587.00  0.50418 
    49981276.47  0.50412 
    50118965.93  0.50407 
    50256655.40  0.50404 
    50394344.87  0.50400 
    50532034.33  0.50398 
    50669723.80  0.50396 
    50807413.27  0.50395 
    50945102.73  0.50395 
    51082792.20  0.50396 
    51220481.67  0.50397 
    51358171.13  0.50399 
    51495860.60  0.50402 
    51633550.07  0.50406 
    51771239.53  0.50410 
    51908929.00  0.50415 
    52046618.47  0.50421 
    52184307.93  0.50428 
    52321997.40  0.50435 
    52459686.87  0.50443 
    52597376.34  0.50452 
    52735065.80  0.50462 
    52872755.27  0.50472 
    53010444.74  0.50483 
    53148134.20  0.50495 
    53285823.67  0.50508 
    53423513.14  0.50522 
    53561202.60  0.50536 
    53698892.07  0.50551 
    53836581.54  0.50567 
    53974271.00  0.50583 
    54111960.47  0.50600 
    54249649.94  0.50618 
    54387339.40  0.50637 
    54525028.87  0.50657 
    54662718.34  0.50677 
    54800407.80  0.50698 
    54938097.27  0.50720 
    55075786.74  0.50743 
    55213476.21  0.50766 
    55351165.67  0.50790 
    55488855.14  0.50815 
    55626544.61  0.50841 
    55764234.07  0.50867 
    55901923.54  0.50895 
    56039613.01  0.50923 
    56177302.47  0.50951 
    56314991.94  0.50981 
    56452681.41  0.51011 
    56590370.87  0.51042 
    56728060.34  0.51074 
    56865749.81  0.51107 
    57003439.27  0.51140 
    57141128.74  0.51174 
    57278818.21  0.51209 
    57416507.67  0.51245 
    57554197.14  0.51281 
    57691886.61  0.51318 
    57829576.08  0.51356 
    57967265.54  0.51395 
    58104955.01  0.51435 
    58242644.48  0.51475 
    58380333.94  0.51516 
    58518023.41  0.51558 
    58655712.88  0.51600 
    58793402.34  0.51644 
    58931091.81  0.51688 
    59068781.28  0.51733 
    59206470.74  0.51778 
    59344160.21  0.51825 
    59481849.68  0.51872 
    59619539.14  0.51920 
    59757228.61  0.51969 
    59894918.08  0.52018 
    60032607.54  0.52069 
    60170297.01  0.52120 
    60307986.48  0.52172 
    60445675.95  0.52224 
    60583365.41  0.52278 
    60721054.88  0.52332 
    60858744.35  0.52387 
    60996433.81  0.52443 
    61134123.28  0.52499 
    61271812.75  0.52556 
    61409502.21  0.52614 
    61547191.68  0.52673 
    61684881.15  0.52733 
    61822570.61  0.52793 
    61960260.08  0.52854 
    62097949.55  0.52916 
    62235639.01  0.52979 
    62373328.48  0.53043 
    62511017.95  0.53107 
    62648707.42  0.53172 
    62786396.88  0.53238 
    62924086.35  0.53305 
    63061775.82  0.53372 
    63199465.28  0.53440 
    63337154.75  0.53509 
    63474844.22  0.53579 
    63612533.68  0.53649 
    63750223.15  0.53721 
    63887912.62  0.53793 
    64025602.08  0.53866 
    64163291.55  0.53939 
    64300981.02  0.54014 
    64438670.48  0.54089 
    64576359.95  0.54165 
    64714049.42  0.54242 
    64851738.88  0.54319 
    64989428.35  0.54398 
    65127117.82  0.54477 
    65264807.29  0.54557 
    65402496.75  0.54637 
    65540186.22  0.54719 
    65677875.69  0.54801 
    65815565.15  0.54884 
    65953254.62  0.54968 
    66090944.09  0.55052 
    66228633.55  0.55138 
    66366323.02  0.55224 
    66504012.49  0.55311 
    66641701.95  0.55399 
    66779391.42  0.55487 
    66917080.89  0.55577 
    67054770.35  0.55667 
    67192459.82  0.55758 
    67330149.29  0.55849 
    67467838.75  0.55942 
    67605528.22  0.56035 
    67743217.69  0.56129 
    67880907.16  0.56224 
    68018596.62  0.56320 
    68156286.09  0.56416 
    68293975.56  0.56513 
    68431665.02  0.56611 
    68569354.49  0.56710 
    68707043.96  0.56810 
    68844733.42  0.56910 
    68982422.89  0.57011 
    69120112.36  0.57113 
    69257801.82  0.57216 
    69395491.29  0.57320 
    69533180.76  0.57424 
    69670870.22  0.57529 
    69808559.69  0.57635 
    69946249.16  0.57742 
    70083938.62  0.57849 
    70221628.09  0.57957 
    70359317.56  0.58066 
    70497007.03  0.58175 
    70634696.49  0.58286 
    70772385.96  0.58397 
    70910075.43  0.58509 
    71047764.89  0.58622 
    71185454.36  0.58735 
    71323143.83  0.58849 
    71460833.29  0.58964 
    71598522.76  0.59080 
    71736212.23  0.59196 
    71873901.69  0.59313 
    72011591.16  0.59431 
    72149280.63  0.59550 
    72286970.09  0.59669 
    72424659.56  0.59790 
    72562349.03  0.59910 
    72700038.49  0.60032 
    72837727.96  0.60154 
    72975417.43  0.60278 
    73113106.90  0.60402 
    73250796.36  0.60525 
    73388485.83  0.60651 
    73526175.30  0.60777 
    73663864.76  0.60903 
    73801554.23  0.61031 
    73939243.70  0.61159 
    74076933.16  0.61287 
    74214622.63  0.61416 
    74352312.10  0.61546 
    74490001.56  0.61677 
    74627691.03  0.61809 
    74765380.50  0.61939 
    74903069.96  0.62072 
    75040759.43  0.62206 
    75178448.90  0.62340 
    75316138.36  0.62475 
    75453827.83  0.62610 
    75591517.30  0.62743 
    75729206.77  0.62879 
    75866896.23  0.63017 
    76004585.70  0.63154 
    76142275.17  0.63293 
    76279964.63  0.63432 
    76417654.10  0.63566 
    76555343.57  0.63706 
    76693033.03  0.63846 
    76830722.50  0.63987 
    76968411.97  0.64128 
    77106101.43  0.64270 
    77243790.90  0.64406 
    77381480.37  0.64548 
    77519169.83  0.64691 
    77656859.30  0.64834 
    77794548.77  0.64978 
    77932238.23  0.65122 
    78069927.70  0.65257 
    78207617.17  0.65402 
    78345306.64  0.65546 
    78482996.10  0.65691 
    78620685.57  0.65836 
    78758375.04  0.65982 
    78896064.50  0.66127 
    79033753.97  0.66260 
    79171443.44  0.66405 
    79309132.90  0.66550 
    79446822.37  0.66696 
    79584511.84  0.66842 
    79722201.30  0.66987 
    79859890.77  0.67133 
    79997580.24  0.67260 
    80135269.70  0.67404 
    80272959.17  0.67549 
    80410648.64  0.67693 
    80548338.11  0.67838 
    80686027.57  0.67982 
    80823717.04  0.68125 
    80961406.51  0.68242 
    81099095.97  0.68384 
    81236785.44  0.68526 
    81374474.91  0.68667 
    81512164.37  0.68807 
    81649853.84  0.68947 
    81787543.31  0.69087 
    81925232.77  0.69226 
    82062922.24  0.69326 
    82200611.71  0.69462 
    82338301.17  0.69597 
    82475990.64  0.69731 
    82613680.11  0.69864 
    82751369.57  0.69996 
    82889059.04  0.70127 
    83026748.51  0.70257 
    83164437.98  0.70333 
    83302127.44  0.70458 
    83439816.91  0.70582 
    83577506.38  0.70705 
    83715195.84  0.70826 
    83852885.31  0.70946 
    83990574.78  0.71064 
    84128264.24  0.71180 
    84265953.71  0.71222 
    84403643.18  0.71332 
    84541332.64  0.71440 
    84679022.11  0.71546 
    84816711.58  0.71650 
    84954401.04  0.71752 
    85092090.51  0.71852 
    85229779.98  0.71949 
    85367469.44  0.72043 
    85505158.91  0.72136 
    85642848.38  0.72123 
    85780537.85  0.72206 
    85918227.31  0.72287 
    86055916.78  0.72365 
    86193606.25  0.72439 
    86331295.71  0.72511 
    86468985.18  0.72580 
    86606674.65  0.72645 
    86744364.11  0.72707 
    86882053.58  0.72766 
    87019743.05  0.72679 
    87157432.51  0.72726 
    87295121.98  0.72770 
    87432811.45  0.72809 
    87570500.91  0.72845 
    87708190.38  0.72876 
    87845879.85  0.72903 
    87983569.31  0.72927 
    88121258.78  0.72946 
    88258948.25  0.72960 
    88396637.72  0.72970 
    88534327.18  0.72782 
    88672016.65  0.72777 
    88809706.12  0.72768 
    88947395.58  0.72753 
    89085085.05  0.72734 
    89222774.52  0.72710 
    89360463.98  0.72681 
    89498153.45  0.72646 
    89635842.92  0.72606 
    89773532.38  0.72561 
    89911221.85  0.72510 
    90048911.32  0.72454 
    90186600.78  0.72130 
    90324290.25  0.72055 
    90461979.72  0.71976 
    90599669.18  0.71890 
    90737358.65  0.71798 
    90875048.12  0.71700 
    91012737.59  0.71596 
    91150427.05  0.71486 
    91288116.52  0.71370 
    91425805.99  0.71248 
    91563495.45  0.71119 
    91701184.92  0.70984 
    91838874.39  0.70842 
    91976563.85  0.70694 
    92114253.32  0.70188 
    92251942.79  0.70019 
    92389632.25  0.69844 
    92527321.72  0.69663 
    92665011.19  0.69474 
    92802700.65  0.69279 
    92940390.12  0.69077 
    93078079.59  0.68868 
    93215769.05  0.68653 
    93353458.52  0.68430 
    93491147.99  0.68201 
    93628837.46  0.67965 
    93766526.92  0.67722 
    93904216.39  0.67473 
    94041905.86  0.67216 
    94179595.32  0.66953 
    94317284.79  0.66226 
    94454974.26  0.65942 
    94592663.72  0.65650 
    94730353.19  0.65352 
    94868042.66  0.65048 
    95005732.12  0.64737 
    95143421.59  0.64419 
    95281111.06  0.64094 
    95418800.52  0.63763 
    95556489.99  0.63425 
    95694179.46  0.63081 
    95831868.92  0.62731 
    95969558.39  0.62374 
    96107247.86  0.62011 
    96244937.33  0.61641 
    96382626.79  0.61266 
    96520316.26  0.60884 
    96658005.73  0.60496 
    96795695.19  0.60103 
    96933384.66  0.59703 
    97071074.13  0.59298 
    97208763.59  0.58887 
    97346453.06  0.57892 
    97484142.53  0.57465 
    97621831.99  0.57032 
    97759521.46  0.56593 
    97897210.93  0.56150 
    98034900.39  0.55702 
    98172589.86  0.55249 
    98310279.33  0.54791 
    98447968.80  0.54329 
    98585658.26  0.53863 
    98723347.73  0.53392 
    98861037.20  0.52917 
    98998726.66  0.52437 
    99136416.13  0.51954 
    99274105.60  0.51468 
    99411795.06  0.50977 
    99549484.53  0.50483 
    99687174.00  0.49986 
    99824863.46  0.49486 
    99962552.93  0.48982 
   100100242.40  0.48476 
   100237931.86  0.47967 
   100375621.33  0.47455 
   100513310.80  0.46941 
   100651000.26  0.46425 
   100788689.73  0.45907 
   100926379.20  0.45387 
   101064068.67  0.44864 
   101201758.13  0.44341 
   101339447.60  0.43816 
   101477137.07  0.43289 
   101614826.53  0.42762 
   101752516.00  0.42233 
   101890205.47  0.41704 
   102027894.93  0.41174 
   102165584.40  0.40644 
   102303273.87  0.40113 
   102440963.33  0.39582 
   102578652.80  0.39051 
   102716342.27  0.38520 
   102854031.73  0.37990 
   102991721.20  0.37460 
   103129410.67  0.36931 
   103267100.13  0.35780 
   103404789.60  0.35253 
   103542479.07  0.34728 
   103680168.54  0.34204 
   103817858.00  0.33681 
   103955547.47  0.33161 
   104093236.94  0.32642 
   104230926.40  0.32125 
   104368615.87  0.31610 
   104506305.34  0.31098 
   104643994.80  0.30588 
   104781684.27  0.30080 
   104919373.74  0.29575 
   105057063.20  0.29073 
   105194752.67  0.28574 
   105332442.14  0.28078 
   105470131.60  0.27586 
   105607821.07  0.27096 
   105745510.54  0.26610 
   105883200.00  0.26128 
   106020889.47  0.25649 
   106158578.94  0.25173 
   106296268.41  0.24702 
   106433957.87  0.24235 
   106571647.34  0.23771 
   106709336.81  0.23312 
   106847026.27  0.22857 
   106984715.74  0.22407 
   107122405.21  0.21960 
   107260094.67  0.22016 
   107397784.14  0.21575 
   107535473.61  0.21138 
   107673163.07  0.20705 
   107810852.54  0.20277 
   107948542.01  0.19854 
   108086231.47  0.19436 
   108223920.94  0.19023 
   108361610.41  0.18615 
   108499299.87  0.18211 
   108636989.34  0.17813 
   108774678.81  0.17420 
   108912368.28  0.17031 
   109050057.74  0.16649 
   109187747.21  0.16271 
   109325436.68  0.15898 
   109463126.14  0.15531 
   109600815.61  0.15169 
   109738505.08  0.14812 
   109876194.54  0.14461 
   110013884.01  0.14115 
   110151573.48  0.13774 
   110289262.94  0.13438 
   110426952.41  0.13108 
   110564641.88  0.12784 
   110702331.34  0.12464 
   110840020.81  0.12150 
   110977710.28  0.11842 
   111115399.74  0.11538 
   111253089.21  0.11240 
   111390778.68  0.10948 
   111528468.15  0.10660 
   111666157.61  0.10378 
   111803847.08  0.10101 
   111941536.55  0.09829 
   112079226.01  0.09563 
   112216915.48  0.09302 
   112354604.95  0.09045 
   112492294.41  0.08794 
   112629983.88  0.08548 
   112767673.35  0.08307 
   112905362.81  0.08071 
   113043052.28  0.07840 
   113180741.75  0.07614 
   113318431.21  0.07393 
   113456120.68  0.07411 
   113593810.15  0.07194 
   113731499.61  0.06983 
   113869189.08  0.06776 
   114006878.55  0.06573 
   114144568.02  0.06375 
   114282257.48  0.06182 
   114419946.95  0.05994 
   114557636.42  0.05809 
   114695325.88  0.05629 
   114833015.35  0.05454 
   114970704.82  0.05283 
   115108394.28  0.05116 
   115246083.75  0.04953 
   115383773.22  0.04794 
   115521462.68  0.04639 
   115659152.15  0.04488 
   115796841.62  0.04341 
   115934531.08  0.04198 
   116072220.55  0.04059 
   116209910.02  0.03923 
   116347599.49  0.03791 
   116485288.95  0.03663 
   116622978.42  0.03538 
   116760667.89  0.03546 
   116898357.35  0.03425 
   117036046.82  0.03307 
   117173736.29  0.03192 
   117311425.75  0.03081 
   117449115.22  0.02973 
   117586804.69  0.02868 
   117724494.15  0.02765 
   117862183.62  0.02666 
   117999873.09  0.02570 
   118137562.55  0.02477 
   118275252.02  0.02387 
   118412941.49  0.02299 
   118550630.95  0.02214 
   118688320.42  0.02132 
   118826009.89  0.02052 
   118963699.36  0.01975 
   119101388.82  0.01900 
   119239078.29  0.01827 
   119376767.76  0.01832 
   119514457.22  0.01762 
   119652146.69  0.01694 
   119789836.16  0.01628 
   119927525.62  0.01565 
   120065215.09  0.01504 
   120202904.56  0.01444 
   120340594.02  0.01387 
   120478283.49  0.01332 
   120615972.96  0.01278 
   120753662.42  0.01227 
   120891351.89  0.01177 
   121029041.36  0.01129 
   121166730.82  0.01083 
   121304420.29  0.01038 
   121442109.76  0.00995 
   121579799.23  0.00997 
   121717488.69  0.00955 
   121855178.16  0.00915 
   121992867.63  0.00877 
   122130557.09  0.00840 
   122268246.56  0.00804 
   122405936.03  0.00769 
   122543625.49  0.00736 
   122681314.96  0.00704 
   122819004.43  0.00674 
   122956693.89  0.00644 
   123094383.36  0.00616 
   123232072.83  0.00588 
   123369762.29  0.00562 
   123507451.76  0.00564 
   123645141.23  0.00538 
   123782830.69  0.00514 
   123920520.16  0.00491 
   124058209.63  0.00469 
   124195899.10  0.00447 
   124333588.56  0.00427 
   124471278.03  0.00407 
   124608967.50  0.00388 
   124746656.96  0.00370 
   124884346.43  0.00353 
   125022035.90  0.00336 
   125159725.36  0.00320 
   125297414.83  0.00321 
   125435104.30  0.00305 
   125572793.76  0.00291 
   125710483.23  0.00277 
   125848172.70  0.00263 
   125985862.16  0.00251 
   126123551.63  0.00238 
   126261241.10  0.00227 
   126398930.56  0.00215 
   126536620.03  0.00205 
   126674309.50  0.00194 
   126811998.97  0.00185 
   126949688.43  0.00185 
   127087377.90  0.00176 
   127225067.37  0.00167 
   127362756.83  0.00158 
   127500446.30  0.00150 
   127638135.77  0.00142 
   127775825.23  0.00135 
   127913514.70  0.00128 
   128051204.17  0.00121 
   128188893.63  0.00115 
   128326583.10  0.00109 
   128464272.57  0.00109 
   128601962.03  0.00103 
   128739651.50  0.00098 
   128877340.97  0.00092 
   129015030.43  0.00087 
   129152719.90  0.00083 
   129290409.37  0.00078 
   129428098.84  0.00074 
   129565788.30  0.00070 
   129703477.77  0.00066 
   129841167.24  0.00062 
   129978856.70  0.00062 
   130116546.17  0.00059 
   130254235.64  0.00055 
   130391925.10  0.00052 
   130529614.57  0.00049 
   130667304.04  0.00046 
   130804993.50  0.00043 
   130942682.97  0.00041 
   131080372.44  0.00038 
   131218061.90  0.00036 
   131355751.37  0.00036 
   131493440.84  0.00034 
   131631130.31  0.00032 
   131768819.77  0.00030 
   131906509.24  0.00028 
   132044198.71  0.00026 
   132181888.17  0.00025 
   132319577.64  0.00023 
   132457267.11  0.00022 
   132594956.57  0.00020 
   132732646.04  0.00020 
   132870335.51  0.00019 
   133008024.97  0.00018 
   133145714.44  0.00016 
   133283403.91  0.00015 
   133421093.37  0.00014 
   133558782.84  0.00013 
   133696472.31  0.00012 
   133834161.77  0.00011 
   133971851.24  0.00011 
   134109540.71  0.00010 
   134247230.18  0.00010 
   134384919.64  0.00009 
   134522609.11  0.00008 
   134660298.58  0.00007 
   134797988.04  0.00007 
   134935677.51  0.00006 
   135073366.98  0.00006 
   135211056.44  0.00006 
   135348745.91  0.00005 
   135486435.38  0.00005 
   135624124.84  0.00004 
   135761814.31  0.00004 
   135899503.78  0.00003 
   136037193.24  0.00003 
   136174882.71  0.00003 
   136312572.18  0.00002 
   136450261.64  0.00002 
   136587951.11  0.00002 
   136725640.58  0.00002 
   136863330.05  0.00001 
   137001019.51  0.00001 
   137138708.98  0.00001 
   137276398.45  0.00000 
   137414087.91  0.00000 
   137551777.38  0.00000 
