           0.00  1.00000 
       91853.37  0.99600 
      183706.73  0.99202 
      275560.10  0.98805 
      367413.47  0.98410 
      459266.84  0.98016 
      551120.20  0.97624 
      642973.57  0.97233 
      734826.94  0.96844 
      826680.31  0.96457 
      918533.67  0.96071 
     1010387.04  0.95686 
     1102240.41  0.95303 
     1194093.78  0.94922 
     1285947.14  0.94542 
     1377800.51  0.94163 
     1469653.88  0.93786 
     1561507.24  0.93411 
     1653360.61  0.93037 
     1745213.98  0.92665 
     1837067.35  0.92294 
     1928920.71  0.91924 
     2020774.08  0.91556 
     2112627.45  0.91190 
     2204480.82  0.90825 
     2296334.18  0.90461 
     2388187.55  0.90099 
     2480040.92  0.89738 
     2571894.29  0.89379 
     2663747.65  0.89021 
     2755601.02  0.88665 
     2847454.39  0.88310 
     2939307.75  0.87957 
     3031161.12  0.87605 
     3123014.49  0.87254 
     3214867.86  0.86905 
     3306721.22  0.86557 
     3398574.59  0.86211 
     3490427.96  0.85866 
     3582281.33  0.85523 
     3674134.69  0.85181 
     3765988.06  0.84840 
     3857841.43  0.84501 
     3949694.80  0.84163 
     4041548.16  0.83827 
     4133401.53  0.83491 
     4225254.90  0.83158 
     4317108.26  0.82826 
     4408961.63  0.82495 
     4500815.00  0.82165 
     4592668.37  0.81837 
     4684521.73  0.81510 
     4776375.10  0.81185 
     4868228.47  0.80861 
     4960081.84  0.80538 
     5051935.20  0.80217 
     5143788.57  0.79897 
     5235641.94  0.79578 
     5327495.31  0.79261 
     5419348.67  0.78945 
     5511202.04  0.78631 
     5603055.41  0.78317 
     5694908.77  0.78006 
     5786762.14  0.77695 
     5878615.51  0.77386 
     5970468.88  0.77078 
     6062322.24  0.76771 
     6154175.61  0.76466 
     6246028.98  0.76162 
     6337882.35  0.75859 
     6429735.71  0.75558 
     6521589.08  0.75258 
     6613442.45  0.74959 
     6705295.82  0.74662 
     6797149.18  0.74366 
     6889002.55  0.74071 
     6980855.92  0.73777 
     7072709.28  0.73485 
     7164562.65  0.73194 
     7256416.02  0.72904 
     7348269.39  0.72616 
     7440122.75  0.72329 
     7531976.12  0.72043 
     7623829.49  0.71758 
     7715682.86  0.71475 
     7807536.22  0.71193 
     7899389.59  0.70912 
     7991242.96  0.70632 
     8083096.33  0.70354 
     8174949.69  0.70077 
     8266803.06  0.69801 
     8358656.43  0.69526 
     8450509.79  0.69253 
     8542363.16  0.68981 
     8634216.53  0.68710 
     8726069.90  0.68440 
     8817923.26  0.68172 
     8909776.63  0.67905 
     9001630.00  0.67639 
     9093483.37  0.67374 
     9185336.73  0.67110 
     9277190.10  0.66848 
     9369043.47  0.66587 
     9460896.84  0.66327 
     9552750.20  0.66068 
     9644603.57  0.65811 
     9736456.94  0.65554 
     9828310.30  0.65299 
     9920163.67  0.65045 
    10012017.04  0.64793 
    10103870.41  0.64541 
    10195723.77  0.64291 
    10287577.14  0.64042 
    10379430.51  0.63794 
    10471283.88  0.63547 
    10563137.24  0.63301 
    10654990.61  0.63057 
    10746843.98  0.62814 
    10838697.35  0.62572 
    10930550.71  0.62331 
    11022404.08  0.62091 
    11114257.45  0.61852 
    11206110.81  0.61615 
    11297964.18  0.61378 
    11389817.55  0.61143 
    11481670.92  0.60909 
    11573524.28  0.60677 
    11665377.65  0.60445 
    11757231.02  0.60214 
    11849084.39  0.59985 
    11940937.75  0.59757 
    12032791.12  0.59530 
    12124644.49  0.59304 
    12216497.86  0.59079 
    12308351.22  0.58855 
    12400204.59  0.58632 
    12492057.96  0.58411 
    12583911.32  0.58191 
    12675764.69  0.57971 
    12767618.06  0.57753 
    12859471.43  0.57536 
    12951324.79  0.57320 
    13043178.16  0.57106 
    13135031.53  0.56892 
    13226884.90  0.56679 
    13318738.26  0.56468 
    13410591.63  0.56258 
    13502445.00  0.56048 
    13594298.37  0.55840 
    13686151.73  0.55633 
    13778005.10  0.55427 
    13869858.47  0.55222 
    13961711.84  0.55019 
    14053565.20  0.54816 
    14145418.57  0.54614 
    14237271.94  0.54414 
    14329125.30  0.54214 
    14420978.67  0.54016 
    14512832.04  0.53819 
    14604685.41  0.53622 
    14696538.77  0.53427 
    14788392.14  0.53233 
    14880245.51  0.53040 
    14972098.88  0.52848 
    15063952.24  0.52657 
    15155805.61  0.52468 
    15247658.98  0.52279 
    15339512.35  0.52091 
    15431365.71  0.51905 
    15523219.08  0.51719 
    15615072.45  0.51535 
    15706925.81  0.51351 
    15798779.18  0.51169 
    15890632.55  0.50987 
    15982485.92  0.50807 
    16074339.28  0.50628 
    16166192.65  0.50449 
    16258046.02  0.50272 
    16349899.39  0.50096 
    16441752.75  0.49921 
    16533606.12  0.49747 
    16625459.49  0.49574 
    16717312.86  0.49402 
    16809166.22  0.49231 
    16901019.59  0.49061 
    16992872.96  0.48892 
    17084726.32  0.48724 
    17176579.69  0.48557 
    17268433.06  0.48391 
    17360286.43  0.48226 
    17452139.79  0.48063 
    17543993.16  0.47900 
    17635846.53  0.47738 
    17727699.90  0.47577 
    17819553.26  0.47417 
    17911406.63  0.47259 
    18003260.00  0.47101 
    18095113.37  0.46944 
    18186966.73  0.46788 
    18278820.10  0.46634 
    18370673.47  0.46480 
    18462526.83  0.46327 
    18554380.20  0.46175 
    18646233.57  0.46024 
    18738086.94  0.45875 
    18829940.30  0.45726 
    18921793.67  0.45578 
    19013647.04  0.45431 
    19105500.41  0.45286 
    19197353.77  0.45141 
    19289207.14  0.44997 
    19381060.51  0.44854 
    19472913.88  0.44712 
    19564767.24  0.44571 
    19656620.61  0.44431 
    19748473.98  0.44292 
    19840327.34  0.44155 
    19932180.71  0.44018 
    20024034.08  0.43882 
    20115887.45  0.43747 
    20207740.81  0.43612 
    20299594.18  0.43479 
    20391447.55  0.43347 
    20483300.92  0.43216 
    20575154.28  0.43086 
    20667007.65  0.42957 
    20758861.02  0.42828 
    20850714.39  0.42701 
    20942567.75  0.42575 
    21034421.12  0.42450 
    21126274.49  0.42325 
    21218127.85  0.42202 
    21309981.22  0.42079 
    21401834.59  0.41958 
    21493687.96  0.41837 
    21585541.32  0.41717 
    21677394.69  0.41599 
    21769248.06  0.41481 
    21861101.43  0.41364 
    21952954.79  0.41248 
    22044808.16  0.41134 
    22136661.53  0.41020 
    22228514.90  0.40907 
    22320368.26  0.40795 
    22412221.63  0.40683 
    22504075.00  0.40573 
    22595928.36  0.40464 
    22687781.73  0.40356 
    22779635.10  0.40248 
    22871488.47  0.40142 
    22963341.83  0.40037 
    23055195.20  0.39932 
    23147048.57  0.39828 
    23238901.94  0.39726 
    23330755.30  0.39624 
    23422608.67  0.39523 
    23514462.04  0.39423 
    23606315.41  0.39324 
    23698168.77  0.39226 
    23790022.14  0.39129 
    23881875.51  0.39033 
    23973728.87  0.38938 
    24065582.24  0.38844 
    24157435.61  0.38750 
    24249288.98  0.38658 
    24341142.34  0.38566 
    24432995.71  0.38476 
    24524849.08  0.38386 
    24616702.45  0.38297 
    24708555.81  0.38209 
    24800409.18  0.38122 
    24892262.55  0.38036 
    24984115.92  0.37951 
    25075969.28  0.37867 
    25167822.65  0.37784 
    25259676.02  0.37701 
    25351529.38  0.37620 
    25443382.75  0.37539 
    25535236.12  0.37460 
    25627089.49  0.37381 
    25718942.85  0.37303 
    25810796.22  0.37226 
    25902649.59  0.37150 
    25994502.96  0.37075 
    26086356.32  0.37001 
    26178209.69  0.36928 
    26270063.06  0.36856 
    26361916.43  0.36784 
    26453769.79  0.36714 
    26545623.16  0.36644 
    26637476.53  0.36575 
    26729329.89  0.36507 
    26821183.26  0.36440 
    26913036.63  0.36374 
    27004890.00  0.36309 
    27096743.36  0.36245 
    27188596.73  0.36182 
    27280450.10  0.36119 
    27372303.47  0.36058 
    27464156.83  0.35997 
    27556010.20  0.35938 
    27647863.57  0.35879 
    27739716.94  0.35821 
    27831570.30  0.35764 
    27923423.67  0.35708 
    28015277.04  0.35653 
    28107130.40  0.35598 
    28198983.77  0.35545 
    28290837.14  0.35492 
    28382690.51  0.35441 
    28474543.87  0.35390 
    28566397.24  0.35340 
    28658250.61  0.35291 
    28750103.98  0.35243 
    28841957.34  0.35196 
    28933810.71  0.35150 
    29025664.08  0.35104 
    29117517.45  0.35060 
    29209370.81  0.35016 
    29301224.18  0.34974 
    29393077.55  0.34932 
    29484930.91  0.34891 
    29576784.28  0.34851 
    29668637.65  0.34812 
    29760491.02  0.34773 
    29852344.38  0.34736 
    29944197.75  0.34700 
    30036051.12  0.34664 
    30127904.49  0.34629 
    30219757.85  0.34596 
    30311611.22  0.34563 
    30403464.59  0.34531 
    30495317.96  0.34500 
    30587171.32  0.34469 
    30679024.69  0.34440 
    30770878.06  0.34412 
    30862731.42  0.34384 
    30954584.79  0.34357 
    31046438.16  0.34332 
    31138291.53  0.34307 
    31230144.89  0.34283 
    31321998.26  0.34260 
    31413851.63  0.34237 
    31505705.00  0.34216 
    31597558.36  0.34196 
    31689411.73  0.34176 
    31781265.10  0.34157 
    31873118.47  0.34140 
    31964971.83  0.34123 
    32056825.20  0.34107 
    32148678.57  0.34092 
    32240531.93  0.34077 
    32332385.30  0.34064 
    32424238.67  0.34052 
    32516092.04  0.34040 
    32607945.40  0.34030 
    32699798.77  0.34020 
    32791652.14  0.34011 
    32883505.51  0.34003 
    32975358.87  0.33996 
    33067212.24  0.33990 
    33159065.61  0.33984 
    33250918.98  0.33980 
    33342772.34  0.33976 
    33434625.71  0.33974 
    33526479.08  0.33972 
    33618332.44  0.33971 
    33710185.81  0.33971 
    33802039.18  0.33972 
    33893892.55  0.33974 
    33985745.91  0.33977 
    34077599.28  0.33980 
    34169452.65  0.33985 
    34261306.02  0.33990 
    34353159.38  0.33996 
    34445012.75  0.34004 
    34536866.12  0.34012 
    34628719.49  0.34021 
    34720572.85  0.34030 
    34812426.22  0.34041 
    34904279.59  0.34053 
    34996132.95  0.34065 
    35087986.32  0.34079 
    35179839.69  0.34093 
    35271693.06  0.34109 
    35363546.42  0.34125 
    35455399.79  0.34142 
    35547253.16  0.34160 
    35639106.53  0.34179 
    35730959.89  0.34198 
    35822813.26  0.34219 
    35914666.63  0.34240 
    36006520.00  0.34263 
    36098373.36  0.34286 
    36190226.73  0.34311 
    36282080.10  0.34336 
    36373933.46  0.34362 
    36465786.83  0.34389 
    36557640.20  0.34417 
    36649493.57  0.34445 
    36741346.93  0.34475 
    36833200.30  0.34506 
    36925053.67  0.34537 
    37016907.04  0.34570 
    37108760.40  0.34603 
    37200613.77  0.34637 
    37292467.14  0.34672 
    37384320.51  0.34708 
    37476173.87  0.34745 
    37568027.24  0.34783 
    37659880.61  0.34822 
    37751733.97  0.34862 
    37843587.34  0.34902 
    37935440.71  0.34944 
    38027294.08  0.34986 
    38119147.44  0.35030 
    38211000.81  0.35074 
    38302854.18  0.35119 
    38394707.55  0.35165 
    38486560.91  0.35212 
    38578414.28  0.35260 
    38670267.65  0.35309 
    38762121.02  0.35359 
    38853974.38  0.35410 
    38945827.75  0.35462 
    39037681.12  0.35514 
    39129534.48  0.35568 
    39221387.85  0.35622 
    39313241.22  0.35677 
    39405094.59  0.35734 
    39496947.95  0.35791 
    39588801.32  0.35849 
    39680654.69  0.35908 
    39772508.06  0.35968 
    39864361.42  0.36029 
    39956214.79  0.36091 
    40048068.16  0.36154 
    40139921.53  0.36218 
    40231774.89  0.36283 
    40323628.26  0.36348 
    40415481.63  0.36415 
    40507335.00  0.36482 
    40599188.36  0.36551 
    40691041.73  0.36620 
    40782895.10  0.36691 
    40874748.46  0.36762 
    40966601.83  0.36834 
    41058455.20  0.36908 
    41150308.57  0.36982 
    41242161.93  0.37057 
    41334015.30  0.37133 
    41425868.67  0.37210 
    41517722.04  0.37288 
    41609575.40  0.37367 
    41701428.77  0.37447 
    41793282.14  0.37528 
    41885135.51  0.37610 
    41976988.87  0.37692 
    42068842.24  0.37776 
    42160695.61  0.37861 
    42252548.97  0.37946 
    42344402.34  0.38033 
    42436255.71  0.38121 
    42528109.08  0.38209 
    42619962.44  0.38299 
    42711815.81  0.38389 
    42803669.18  0.38481 
    42895522.55  0.38573 
    42987375.91  0.38667 
    43079229.28  0.38761 
    43171082.65  0.38857 
    43262936.02  0.38953 
    43354789.38  0.39051 
    43446642.75  0.39149 
    43538496.12  0.39248 
    43630349.48  0.39349 
    43722202.85  0.39450 
    43814056.22  0.39552 
    43905909.59  0.39656 
    43997762.95  0.39760 
    44089616.32  0.39865 
    44181469.69  0.39971 
    44273323.06  0.40079 
    44365176.42  0.40187 
    44457029.79  0.40296 
    44548883.16  0.40407 
    44640736.53  0.40518 
    44732589.89  0.40630 
    44824443.26  0.40744 
    44916296.63  0.40858 
    45008149.99  0.40973 
    45100003.36  0.41090 
    45191856.73  0.41207 
    45283710.10  0.41325 
    45375563.46  0.41445 
    45467416.83  0.41565 
    45559270.20  0.41687 
    45651123.57  0.41809 
    45742976.93  0.41933 
    45834830.30  0.42057 
    45926683.67  0.42183 
    46018537.04  0.42309 
    46110390.40  0.42437 
    46202243.77  0.42566 
    46294097.14  0.42695 
    46385950.50  0.42826 
    46477803.87  0.42958 
    46569657.24  0.43091 
    46661510.61  0.43224 
    46753363.97  0.43359 
    46845217.34  0.43495 
    46937070.71  0.43631 
    47028924.08  0.43769 
    47120777.44  0.43908 
    47212630.81  0.44048 
    47304484.18  0.44188 
    47396337.55  0.44330 
    47488190.91  0.44473 
    47580044.28  0.44617 
    47671897.65  0.44762 
    47763751.01  0.44908 
    47855604.38  0.45055 
    47947457.75  0.45203 
    48039311.12  0.45351 
    48131164.48  0.45501 
    48223017.85  0.45653 
    48314871.22  0.45805 
    48406724.59  0.45958 
    48498577.95  0.46111 
    48590431.32  0.46266 
    48682284.69  0.46423 
    48774138.06  0.46580 
    48865991.42  0.46738 
    48957844.79  0.46897 
    49049698.16  0.47056 
    49141551.52  0.47217 
    49233404.89  0.47380 
    49325258.26  0.47543 
    49417111.63  0.47707 
    49508964.99  0.47870 
    49600818.36  0.48037 
    49692671.73  0.48204 
    49784525.10  0.48372 
    49876378.46  0.48541 
    49968231.83  0.48711 
    50060085.20  0.48879 
    50151938.57  0.49051 
    50243791.93  0.49223 
    50335645.30  0.49397 
    50427498.67  0.49572 
    50519352.03  0.49747 
    50611205.40  0.49919 
    50703058.77  0.50097 
    50794912.14  0.50275 
    50886765.50  0.50453 
    50978618.87  0.50633 
    51070472.24  0.50814 
    51162325.61  0.50989 
    51254178.97  0.51171 
    51346032.34  0.51354 
    51437885.71  0.51538 
    51529739.08  0.51722 
    51621592.44  0.51907 
    51713445.81  0.52084 
    51805299.18  0.52271 
    51897152.54  0.52458 
    51989005.91  0.52645 
    52080859.28  0.52833 
    52172712.65  0.53022 
    52264566.01  0.53212 
    52356419.38  0.53390 
    52448272.75  0.53580 
    52540126.12  0.53770 
    52631979.48  0.53961 
    52723832.85  0.54153 
    52815686.22  0.54345 
    52907539.59  0.54538 
    52999392.95  0.54713 
    53091246.32  0.54906 
    53183099.69  0.55098 
    53274953.05  0.55291 
    53366806.42  0.55485 
    53458659.79  0.55678 
    53550513.16  0.55872 
    53642366.52  0.56041 
    53734219.89  0.56234 
    53826073.26  0.56427 
    53917926.63  0.56620 
    54009779.99  0.56813 
    54101633.36  0.57006 
    54193486.73  0.57198 
    54285340.10  0.57391 
    54377193.46  0.57548 
    54469046.83  0.57739 
    54560900.20  0.57929 
    54652753.56  0.58119 
    54744606.93  0.58308 
    54836460.30  0.58496 
    54928313.67  0.58685 
    55020167.03  0.58872 
    55112020.40  0.59010 
    55203873.77  0.59194 
    55295727.14  0.59377 
    55387580.50  0.59559 
    55479433.87  0.59741 
    55571287.24  0.59921 
    55663140.61  0.60100 
    55754993.97  0.60278 
    55846847.34  0.60455 
    55938700.71  0.60560 
    56030554.07  0.60732 
    56122407.44  0.60901 
    56214260.81  0.61070 
    56306114.18  0.61236 
    56397967.54  0.61401 
    56489820.91  0.61563 
    56581674.28  0.61724 
    56673527.65  0.61883 
    56765381.01  0.61944 
    56857234.38  0.62095 
    56949087.75  0.62244 
    57040941.12  0.62390 
    57132794.48  0.62534 
    57224647.85  0.62676 
    57316501.22  0.62814 
    57408354.58  0.62950 
    57500207.95  0.63084 
    57592061.32  0.63214 
    57683914.69  0.63341 
    57775768.05  0.63327 
    57867621.42  0.63444 
    57959474.79  0.63557 
    58051328.16  0.63666 
    58143181.52  0.63772 
    58235034.89  0.63874 
    58326888.26  0.63973 
    58418741.63  0.64067 
    58510594.99  0.64158 
    58602448.36  0.64245 
    58694301.73  0.64327 
    58786155.09  0.64216 
    58878008.46  0.64284 
    58969861.83  0.64348 
    59061715.20  0.64407 
    59153568.56  0.64462 
    59245421.93  0.64512 
    59337275.30  0.64556 
    59429128.67  0.64596 
    59520982.03  0.64631 
    59612835.40  0.64661 
    59704688.77  0.64686 
    59796542.14  0.64705 
    59888395.50  0.64719 
    59980248.87  0.64465 
    60072102.24  0.64461 
    60163955.60  0.64451 
    60255808.97  0.64436 
    60347662.34  0.64414 
    60439515.71  0.64387 
    60531369.07  0.64354 
    60623222.44  0.64314 
    60715075.81  0.64269 
    60806929.18  0.64217 
    60898782.54  0.64159 
    60990635.91  0.64094 
    61082489.28  0.64024 
    61174342.65  0.63946 
    61266196.01  0.63511 
    61358049.38  0.63413 
    61449902.75  0.63308 
    61541756.11  0.63197 
    61633609.48  0.63078 
    61725462.85  0.62953 
    61817316.22  0.62822 
    61909169.58  0.62683 
    62001022.95  0.62537 
    62092876.32  0.62385 
    62184729.69  0.62226 
    62276583.05  0.62059 
    62368436.42  0.61886 
    62460289.79  0.61706 
    62552143.16  0.61519 
    62643996.52  0.61325 
    62735849.89  0.61124 
    62827703.26  0.60915 
    62919556.62  0.60700 
    63011409.99  0.60003 
    63103263.36  0.59766 
    63195116.73  0.59523 
    63286970.09  0.59272 
    63378823.46  0.59014 
    63470676.83  0.58750 
    63562530.20  0.58479 
    63654383.56  0.58201 
    63746236.93  0.57916 
    63838090.30  0.57625 
    63929943.67  0.57327 
    64021797.03  0.57023 
    64113650.40  0.56712 
    64205503.77  0.56395 
    64297357.13  0.56071 
    64389210.50  0.55741 
    64481063.87  0.55405 
    64572917.24  0.55063 
    64664770.60  0.54715 
    64756623.97  0.54361 
    64848477.34  0.54001 
    64940330.71  0.53635 
    65032184.07  0.53264 
    65124037.44  0.52887 
    65215890.81  0.52505 
    65307744.18  0.52117 
    65399597.54  0.51118 
    65491450.91  0.50714 
    65583304.28  0.50306 
    65675157.65  0.49892 
    65767011.01  0.49474 
    65858864.38  0.49051 
    65950717.75  0.48624 
    66042571.11  0.48192 
    66134424.48  0.47757 
    66226277.85  0.47318 
    66318131.22  0.46874 
    66409984.58  0.46427 
    66501837.95  0.45977 
    66593691.32  0.45523 
    66685544.69  0.45066 
    66777398.05  0.44606 
    66869251.42  0.44143 
    66961104.79  0.43677 
    67052958.16  0.43208 
    67144811.52  0.42737 
    67236664.89  0.42264 
    67328518.26  0.41788 
    67420371.62  0.41311 
    67512224.99  0.40831 
    67604078.36  0.40350 
    67695931.73  0.39868 
    67787785.09  0.39384 
    67879638.46  0.38898 
    67971491.83  0.38412 
    68063345.20  0.37925 
    68155198.56  0.37437 
    68247051.93  0.36949 
    68338905.30  0.36460 
    68430758.67  0.35971 
    68522612.03  0.35482 
    68614465.40  0.34993 
    68706318.77  0.34504 
    68798172.13  0.34016 
    68890025.50  0.33528 
    68981878.87  0.33041 
    69073732.24  0.32555 
    69165585.60  0.32070 
    69257438.97  0.31585 
    69349292.34  0.31103 
    69441145.71  0.30621 
    69532999.07  0.30141 
    69624852.44  0.29663 
    69716705.81  0.29187 
    69808559.18  0.28713 
    69900412.54  0.28240 
    69992265.91  0.27771 
    70084119.28  0.27303 
    70175972.64  0.26838 
    70267826.01  0.26376 
    70359679.38  0.25916 
    70451532.75  0.25460 
    70543386.11  0.25006 
    70635239.48  0.24555 
    70727092.85  0.24108 
    70818946.22  0.23664 
    70910799.58  0.23223 
    71002652.95  0.22786 
    71094506.32  0.22353 
    71186359.69  0.21923 
    71278213.05  0.21497 
    71370066.42  0.21075 
    71461919.79  0.20657 
    71553773.15  0.20244 
    71645626.52  0.19834 
    71737479.89  0.19428 
    71829333.26  0.19027 
    71921186.62  0.18630 
    72013039.99  0.18238 
    72104893.36  0.17850 
    72196746.73  0.17466 
    72288600.09  0.17087 
    72380453.46  0.16713 
    72472306.83  0.16343 
    72564160.20  0.15979 
    72656013.56  0.15618 
    72747866.93  0.15263 
    72839720.30  0.14913 
    72931573.66  0.14567 
    73023427.03  0.14227 
    73115280.40  0.13891 
    73207133.77  0.13560 
    73298987.13  0.13234 
    73390840.50  0.12913 
    73482693.87  0.12961 
    73574547.24  0.12646 
    73666400.60  0.12335 
    73758253.97  0.12029 
    73850107.34  0.11729 
    73941960.71  0.11433 
    74033814.07  0.11142 
    74125667.44  0.10857 
    74217520.81  0.10576 
    74309374.17  0.10300 
    74401227.54  0.10029 
    74493080.91  0.09763 
    74584934.28  0.09503 
    74676787.64  0.09247 
    74768641.01  0.08995 
    74860494.38  0.08749 
    74952347.75  0.08508 
    75044201.11  0.08271 
    75136054.48  0.08039 
    75227907.85  0.07812 
    75319761.22  0.07589 
    75411614.58  0.07371 
    75503467.95  0.07158 
    75595321.32  0.06949 
    75687174.68  0.06745 
    75779028.05  0.06545 
    75870881.42  0.06350 
    75962734.79  0.06159 
    76054588.15  0.06181 
    76146441.52  0.05995 
    76238294.89  0.05813 
    76330148.26  0.05635 
    76422001.62  0.05461 
    76513854.99  0.05291 
    76605708.36  0.05126 
    76697561.73  0.04964 
    76789415.09  0.04807 
    76881268.46  0.04653 
    76973121.83  0.04503 
    77064975.19  0.04357 
    77156828.56  0.04215 
    77248681.93  0.04077 
    77340535.30  0.03942 
    77432388.66  0.03810 
    77524242.03  0.03682 
    77616095.40  0.03558 
    77707948.77  0.03437 
    77799802.13  0.03319 
    77891655.50  0.03331 
    77983508.87  0.03216 
    78075362.24  0.03105 
    78167215.60  0.02997 
    78259068.97  0.02892 
    78350922.34  0.02790 
    78442775.70  0.02691 
    78534629.07  0.02595 
    78626482.44  0.02501 
    78718335.81  0.02411 
    78810189.17  0.02323 
    78902042.54  0.02238 
    78993895.91  0.02155 
    79085749.28  0.02075 
    79177602.64  0.01997 
    79269456.01  0.01922 
    79361309.38  0.01849 
    79453162.75  0.01856 
    79545016.11  0.01785 
    79636869.48  0.01717 
    79728722.85  0.01651 
    79820576.21  0.01587 
    79912429.58  0.01525 
    80004282.95  0.01466 
    80096136.32  0.01408 
    80187989.68  0.01352 
    80279843.05  0.01298 
    80371696.42  0.01246 
    80463549.79  0.01196 
    80555403.15  0.01147 
    80647256.52  0.01101 
    80739109.89  0.01055 
    80830963.26  0.01059 
    80922816.62  0.01015 
    81014669.99  0.00973 
    81106523.36  0.00933 
    81198376.72  0.00894 
    81290230.09  0.00856 
    81382083.46  0.00820 
    81473936.83  0.00785 
    81565790.19  0.00751 
    81657643.56  0.00719 
    81749496.93  0.00688 
    81841350.30  0.00658 
    81933203.66  0.00629 
    82025057.03  0.00631 
    82116910.40  0.00603 
    82208763.77  0.00577 
    82300617.13  0.00551 
    82392470.50  0.00526 
    82484323.87  0.00503 
    82576177.23  0.00480 
    82668030.60  0.00458 
    82759883.97  0.00437 
    82851737.34  0.00417 
    82943590.70  0.00398 
    83035444.07  0.00379 
    83127297.44  0.00381 
    83219150.81  0.00363 
    83311004.17  0.00346 
    83402857.54  0.00329 
    83494710.91  0.00314 
    83586564.28  0.00299 
    83678417.64  0.00285 
    83770271.01  0.00271 
    83862124.38  0.00258 
    83953977.74  0.00245 
    84045831.11  0.00233 
    84137684.48  0.00222 
    84229537.85  0.00222 
    84321391.21  0.00211 
    84413244.58  0.00201 
    84505097.95  0.00191 
    84596951.32  0.00181 
    84688804.68  0.00172 
    84780658.05  0.00163 
    84872511.42  0.00155 
    84964364.79  0.00147 
    85056218.15  0.00140 
    85148071.52  0.00132 
    85239924.89  0.00133 
    85331778.25  0.00126 
    85423631.62  0.00119 
    85515484.99  0.00113 
    85607338.36  0.00107 
    85699191.72  0.00101 
    85791045.09  0.00096 
    85882898.46  0.00091 
    85974751.83  0.00086 
    86066605.19  0.00081 
    86158458.56  0.00081 
    86250311.93  0.00077 
    86342165.30  0.00073 
    86434018.66  0.00069 
    86525872.03  0.00065 
    86617725.40  0.00061 
    86709578.76  0.00058 
    86801432.13  0.00054 
    86893285.50  0.00051 
    86985138.87  0.00048 
    87076992.23  0.00048 
    87168845.60  0.00046 
    87260698.97  0.00043 
    87352552.34  0.00040 
    87444405.70  0.00038 
    87536259.07  0.00036 
    87628112.44  0.00033 
    87719965.81  0.00031 
    87811819.17  0.00029 
    87903672.54  0.00030 
    87995525.91  0.00028 
    88087379.27  0.00026 
    88179232.64  0.00024 
    88271086.01  0.00023 
    88362939.38  0.00021 
    88454792.74  0.00020 
    88546646.11  0.00019 
    88638499.48  0.00017 
    88730352.85  0.00017 
    88822206.21  0.00016 
    88914059.58  0.00015 
    89005912.95  0.00014 
    89097766.32  0.00013 
    89189619.68  0.00012 
    89281473.05  0.00011 
    89373326.42  0.00010 
    89465179.78  0.00009 
    89557033.15  0.00010 
    89648886.52  0.00009 
    89740739.89  0.00008 
    89832593.25  0.00007 
    89924446.62  0.00007 
    90016299.99  0.00006 
    90108153.36  0.00006 
    90200006.72  0.00005 
    90291860.09  0.00005 
    90383713.46  0.00005 
    90475566.83  0.00004 
    90567420.19  0.00004 
    90659273.56  0.00003 
    90751126.93  0.00003 
    90842980.29  0.00002 
    90934833.66  0.00002 
    91026687.03  0.00002 
    91118540.40  0.00002 
    91210393.76  0.00002 
    91302247.13  0.00001 
    91394100.50  0.00001 
    91485953.87  0.00001 
    91577807.23  0.00000 
    91669660.60  0.00000 
    91761513.97  0.00000 
