           0.00  1.00000 
       91843.56  0.99600 
      183687.12  0.99202 
      275530.69  0.98805 
      367374.25  0.98410 
      459217.81  0.98016 
      551061.37  0.97624 
      642904.93  0.97233 
      734748.50  0.96844 
      826592.06  0.96457 
      918435.62  0.96071 
     1010279.18  0.95686 
     1102122.74  0.95303 
     1193966.31  0.94922 
     1285809.87  0.94542 
     1377653.43  0.94163 
     1469496.99  0.93786 
     1561340.56  0.93411 
     1653184.12  0.93037 
     1745027.68  0.92665 
     1836871.24  0.92294 
     1928714.80  0.91924 
     2020558.37  0.91556 
     2112401.93  0.91190 
     2204245.49  0.90825 
     2296089.05  0.90461 
     2387932.61  0.90099 
     2479776.18  0.89738 
     2571619.74  0.89379 
     2663463.30  0.89021 
     2755306.86  0.88665 
     2847150.42  0.88310 
     2938993.99  0.87957 
     3030837.55  0.87605 
     3122681.11  0.87254 
     3214524.67  0.86905 
     3306368.23  0.86557 
     3398211.80  0.86211 
     3490055.36  0.85866 
     3581898.92  0.85523 
     3673742.48  0.85181 
     3765586.05  0.84840 
     3857429.61  0.84501 
     3949273.17  0.84163 
     4041116.73  0.83826 
     4132960.29  0.83491 
     4224803.86  0.83158 
     4316647.42  0.82826 
     4408490.98  0.82495 
     4500334.54  0.82165 
     4592178.10  0.81837 
     4684021.67  0.81510 
     4775865.23  0.81185 
     4867708.79  0.80861 
     4959552.35  0.80538 
     5051395.91  0.80217 
     5143239.48  0.79897 
     5235083.04  0.79578 
     5326926.60  0.79261 
     5418770.16  0.78945 
     5510613.72  0.78631 
     5602457.29  0.78317 
     5694300.85  0.78005 
     5786144.41  0.77695 
     5877987.97  0.77386 
     5969831.54  0.77078 
     6061675.10  0.76771 
     6153518.66  0.76466 
     6245362.22  0.76162 
     6337205.78  0.75859 
     6429049.35  0.75558 
     6520892.91  0.75258 
     6612736.47  0.74959 
     6704580.03  0.74662 
     6796423.59  0.74366 
     6888267.16  0.74071 
     6980110.72  0.73777 
     7071954.28  0.73485 
     7163797.84  0.73194 
     7255641.40  0.72904 
     7347484.97  0.72616 
     7439328.53  0.72328 
     7531172.09  0.72043 
     7623015.65  0.71758 
     7714859.21  0.71475 
     7806702.78  0.71192 
     7898546.34  0.70912 
     7990389.90  0.70632 
     8082233.46  0.70354 
     8174077.02  0.70077 
     8265920.59  0.69801 
     8357764.15  0.69526 
     8449607.71  0.69253 
     8541451.27  0.68981 
     8633294.84  0.68710 
     8725138.40  0.68440 
     8816981.96  0.68172 
     8908825.52  0.67904 
     9000669.08  0.67638 
     9092512.65  0.67374 
     9184356.21  0.67110 
     9276199.77  0.66848 
     9368043.33  0.66587 
     9459886.89  0.66327 
     9551730.46  0.66068 
     9643574.02  0.65811 
     9735417.58  0.65554 
     9827261.14  0.65299 
     9919104.70  0.65045 
    10010948.27  0.64793 
    10102791.83  0.64541 
    10194635.39  0.64291 
    10286478.95  0.64042 
    10378322.51  0.63794 
    10470166.08  0.63547 
    10562009.64  0.63301 
    10653853.20  0.63057 
    10745696.76  0.62814 
    10837540.33  0.62571 
    10929383.89  0.62331 
    11021227.45  0.62091 
    11113071.01  0.61852 
    11204914.57  0.61615 
    11296758.14  0.61378 
    11388601.70  0.61143 
    11480445.26  0.60909 
    11572288.82  0.60676 
    11664132.38  0.60445 
    11755975.95  0.60214 
    11847819.51  0.59985 
    11939663.07  0.59757 
    12031506.63  0.59529 
    12123350.19  0.59303 
    12215193.76  0.59079 
    12307037.32  0.58855 
    12398880.88  0.58632 
    12490724.44  0.58411 
    12582568.00  0.58191 
    12674411.57  0.57971 
    12766255.13  0.57753 
    12858098.69  0.57536 
    12949942.25  0.57320 
    13041785.82  0.57106 
    13133629.38  0.56892 
    13225472.94  0.56679 
    13317316.50  0.56468 
    13409160.06  0.56258 
    13501003.63  0.56048 
    13592847.19  0.55840 
    13684690.75  0.55633 
    13776534.31  0.55427 
    13868377.87  0.55222 
    13960221.44  0.55018 
    14052065.00  0.54816 
    14143908.56  0.54614 
    14235752.12  0.54414 
    14327595.68  0.54214 
    14419439.25  0.54016 
    14511282.81  0.53819 
    14603126.37  0.53622 
    14694969.93  0.53427 
    14786813.49  0.53233 
    14878657.06  0.53040 
    14970500.62  0.52848 
    15062344.18  0.52657 
    15154187.74  0.52468 
    15246031.31  0.52279 
    15337874.87  0.52091 
    15429718.43  0.51905 
    15521561.99  0.51719 
    15613405.55  0.51535 
    15705249.12  0.51351 
    15797092.68  0.51169 
    15888936.24  0.50987 
    15980779.80  0.50807 
    16072623.36  0.50628 
    16164466.93  0.50449 
    16256310.49  0.50272 
    16348154.05  0.50096 
    16439997.61  0.49921 
    16531841.17  0.49747 
    16623684.74  0.49574 
    16715528.30  0.49402 
    16807371.86  0.49231 
    16899215.42  0.49061 
    16991058.98  0.48892 
    17082902.55  0.48724 
    17174746.11  0.48557 
    17266589.67  0.48391 
    17358433.23  0.48226 
    17450276.79  0.48063 
    17542120.36  0.47900 
    17633963.92  0.47738 
    17725807.48  0.47577 
    17817651.04  0.47417 
    17909494.61  0.47259 
    18001338.17  0.47101 
    18093181.73  0.46944 
    18185025.29  0.46788 
    18276868.85  0.46633 
    18368712.42  0.46480 
    18460555.98  0.46327 
    18552399.54  0.46175 
    18644243.10  0.46024 
    18736086.66  0.45875 
    18827930.23  0.45726 
    18919773.79  0.45578 
    19011617.35  0.45431 
    19103460.91  0.45285 
    19195304.47  0.45141 
    19287148.04  0.44997 
    19378991.60  0.44854 
    19470835.16  0.44712 
    19562678.72  0.44571 
    19654522.28  0.44431 
    19746365.85  0.44292 
    19838209.41  0.44154 
    19930052.97  0.44017 
    20021896.53  0.43881 
    20113740.10  0.43746 
    20205583.66  0.43612 
    20297427.22  0.43479 
    20389270.78  0.43347 
    20481114.34  0.43216 
    20572957.91  0.43086 
    20664801.47  0.42957 
    20756645.03  0.42828 
    20848488.59  0.42701 
    20940332.15  0.42575 
    21032175.72  0.42449 
    21124019.28  0.42325 
    21215862.84  0.42202 
    21307706.40  0.42079 
    21399549.96  0.41958 
    21491393.53  0.41837 
    21583237.09  0.41717 
    21675080.65  0.41599 
    21766924.21  0.41481 
    21858767.77  0.41364 
    21950611.34  0.41248 
    22042454.90  0.41133 
    22134298.46  0.41020 
    22226142.02  0.40907 
    22317985.59  0.40794 
    22409829.15  0.40683 
    22501672.71  0.40573 
    22593516.27  0.40464 
    22685359.83  0.40356 
    22777203.40  0.40248 
    22869046.96  0.40142 
    22960890.52  0.40036 
    23052734.08  0.39932 
    23144577.64  0.39828 
    23236421.21  0.39726 
    23328264.77  0.39624 
    23420108.33  0.39523 
    23511951.89  0.39423 
    23603795.45  0.39324 
    23695639.02  0.39226 
    23787482.58  0.39129 
    23879326.14  0.39033 
    23971169.70  0.38938 
    24063013.26  0.38843 
    24154856.83  0.38750 
    24246700.39  0.38658 
    24338543.95  0.38566 
    24430387.51  0.38475 
    24522231.07  0.38386 
    24614074.64  0.38297 
    24705918.20  0.38209 
    24797761.76  0.38122 
    24889605.32  0.38036 
    24981448.89  0.37951 
    25073292.45  0.37867 
    25165136.01  0.37784 
    25256979.57  0.37701 
    25348823.13  0.37620 
    25440666.70  0.37539 
    25532510.26  0.37460 
    25624353.82  0.37381 
    25716197.38  0.37303 
    25808040.94  0.37226 
    25899884.51  0.37150 
    25991728.07  0.37075 
    26083571.63  0.37001 
    26175415.19  0.36928 
    26267258.75  0.36855 
    26359102.32  0.36784 
    26450945.88  0.36713 
    26542789.44  0.36644 
    26634633.00  0.36575 
    26726476.56  0.36507 
    26818320.13  0.36440 
    26910163.69  0.36374 
    27002007.25  0.36309 
    27093850.81  0.36245 
    27185694.38  0.36182 
    27277537.94  0.36119 
    27369381.50  0.36058 
    27461225.06  0.35997 
    27553068.62  0.35938 
    27644912.19  0.35879 
    27736755.75  0.35821 
    27828599.31  0.35764 
    27920442.87  0.35708 
    28012286.43  0.35653 
    28104130.00  0.35598 
    28195973.56  0.35545 
    28287817.12  0.35492 
    28379660.68  0.35441 
    28471504.24  0.35390 
    28563347.81  0.35340 
    28655191.37  0.35291 
    28747034.93  0.35243 
    28838878.49  0.35196 
    28930722.05  0.35150 
    29022565.62  0.35104 
    29114409.18  0.35060 
    29206252.74  0.35016 
    29298096.30  0.34973 
    29389939.87  0.34932 
    29481783.43  0.34891 
    29573626.99  0.34851 
    29665470.55  0.34812 
    29757314.11  0.34773 
    29849157.68  0.34736 
    29941001.24  0.34700 
    30032844.80  0.34664 
    30124688.36  0.34629 
    30216531.92  0.34596 
    30308375.49  0.34563 
    30400219.05  0.34531 
    30492062.61  0.34500 
    30583906.17  0.34469 
    30675749.73  0.34440 
    30767593.30  0.34412 
    30859436.86  0.34384 
    30951280.42  0.34357 
    31043123.98  0.34332 
    31134967.54  0.34307 
    31226811.11  0.34283 
    31318654.67  0.34260 
    31410498.23  0.34237 
    31502341.79  0.34216 
    31594185.35  0.34196 
    31686028.92  0.34176 
    31777872.48  0.34157 
    31869716.04  0.34140 
    31961559.60  0.34123 
    32053403.17  0.34107 
    32145246.73  0.34092 
    32237090.29  0.34077 
    32328933.85  0.34064 
    32420777.41  0.34052 
    32512620.98  0.34040 
    32604464.54  0.34030 
    32696308.10  0.34020 
    32788151.66  0.34011 
    32879995.22  0.34003 
    32971838.79  0.33996 
    33063682.35  0.33990 
    33155525.91  0.33984 
    33247369.47  0.33980 
    33339213.03  0.33976 
    33431056.60  0.33974 
    33522900.16  0.33972 
    33614743.72  0.33971 
    33706587.28  0.33971 
    33798430.84  0.33972 
    33890274.41  0.33974 
    33982117.97  0.33977 
    34073961.53  0.33980 
    34165805.09  0.33985 
    34257648.66  0.33990 
    34349492.22  0.33996 
    34441335.78  0.34004 
    34533179.34  0.34012 
    34625022.90  0.34021 
    34716866.47  0.34030 
    34808710.03  0.34041 
    34900553.59  0.34053 
    34992397.15  0.34065 
    35084240.71  0.34079 
    35176084.28  0.34093 
    35267927.84  0.34109 
    35359771.40  0.34125 
    35451614.96  0.34142 
    35543458.52  0.34160 
    35635302.09  0.34179 
    35727145.65  0.34198 
    35818989.21  0.34219 
    35910832.77  0.34240 
    36002676.33  0.34263 
    36094519.90  0.34286 
    36186363.46  0.34311 
    36278207.02  0.34336 
    36370050.58  0.34362 
    36461894.15  0.34389 
    36553737.71  0.34417 
    36645581.27  0.34445 
    36737424.83  0.34475 
    36829268.39  0.34506 
    36921111.96  0.34537 
    37012955.52  0.34570 
    37104799.08  0.34603 
    37196642.64  0.34637 
    37288486.20  0.34672 
    37380329.77  0.34708 
    37472173.33  0.34745 
    37564016.89  0.34783 
    37655860.45  0.34822 
    37747704.01  0.34862 
    37839547.58  0.34902 
    37931391.14  0.34944 
    38023234.70  0.34986 
    38115078.26  0.35030 
    38206921.82  0.35074 
    38298765.39  0.35119 
    38390608.95  0.35165 
    38482452.51  0.35212 
    38574296.07  0.35260 
    38666139.64  0.35309 
    38757983.20  0.35359 
    38849826.76  0.35410 
    38941670.32  0.35462 
    39033513.88  0.35514 
    39125357.45  0.35568 
    39217201.01  0.35622 
    39309044.57  0.35678 
    39400888.13  0.35734 
    39492731.69  0.35791 
    39584575.26  0.35849 
    39676418.82  0.35908 
    39768262.38  0.35968 
    39860105.94  0.36029 
    39951949.50  0.36091 
    40043793.07  0.36154 
    40135636.63  0.36218 
    40227480.19  0.36283 
    40319323.75  0.36348 
    40411167.31  0.36415 
    40503010.88  0.36482 
    40594854.44  0.36551 
    40686698.00  0.36620 
    40778541.56  0.36691 
    40870385.12  0.36762 
    40962228.69  0.36834 
    41054072.25  0.36908 
    41145915.81  0.36982 
    41237759.37  0.37057 
    41329602.94  0.37133 
    41421446.50  0.37210 
    41513290.06  0.37288 
    41605133.62  0.37367 
    41696977.18  0.37447 
    41788820.75  0.37528 
    41880664.31  0.37610 
    41972507.87  0.37692 
    42064351.43  0.37776 
    42156194.99  0.37861 
    42248038.56  0.37947 
    42339882.12  0.38033 
    42431725.68  0.38121 
    42523569.24  0.38209 
    42615412.80  0.38299 
    42707256.37  0.38389 
    42799099.93  0.38481 
    42890943.49  0.38573 
    42982787.05  0.38667 
    43074630.61  0.38761 
    43166474.18  0.38857 
    43258317.74  0.38953 
    43350161.30  0.39051 
    43442004.86  0.39149 
    43533848.43  0.39248 
    43625691.99  0.39349 
    43717535.55  0.39450 
    43809379.11  0.39552 
    43901222.67  0.39656 
    43993066.24  0.39760 
    44084909.80  0.39865 
    44176753.36  0.39971 
    44268596.92  0.40079 
    44360440.48  0.40187 
    44452284.05  0.40296 
    44544127.61  0.40407 
    44635971.17  0.40518 
    44727814.73  0.40630 
    44819658.29  0.40744 
    44911501.86  0.40858 
    45003345.42  0.40973 
    45095188.98  0.41090 
    45187032.54  0.41207 
    45278876.10  0.41325 
    45370719.67  0.41445 
    45462563.23  0.41565 
    45554406.79  0.41687 
    45646250.35  0.41809 
    45738093.92  0.41933 
    45829937.48  0.42057 
    45921781.04  0.42183 
    46013624.60  0.42309 
    46105468.16  0.42437 
    46197311.73  0.42566 
    46289155.29  0.42696 
    46380998.85  0.42826 
    46472842.41  0.42958 
    46564685.97  0.43091 
    46656529.54  0.43224 
    46748373.10  0.43359 
    46840216.66  0.43495 
    46932060.22  0.43631 
    47023903.78  0.43769 
    47115747.35  0.43908 
    47207590.91  0.44048 
    47299434.47  0.44188 
    47391278.03  0.44330 
    47483121.59  0.44473 
    47574965.16  0.44617 
    47666808.72  0.44762 
    47758652.28  0.44908 
    47850495.84  0.45055 
    47942339.40  0.45203 
    48034182.97  0.45351 
    48126026.53  0.45501 
    48217870.09  0.45653 
    48309713.65  0.45805 
    48401557.22  0.45958 
    48493400.78  0.46111 
    48585244.34  0.46266 
    48677087.90  0.46423 
    48768931.46  0.46580 
    48860775.03  0.46738 
    48952618.59  0.46897 
    49044462.15  0.47056 
    49136305.71  0.47218 
    49228149.27  0.47380 
    49319992.84  0.47543 
    49411836.40  0.47707 
    49503679.96  0.47870 
    49595523.52  0.48037 
    49687367.08  0.48204 
    49779210.65  0.48372 
    49871054.21  0.48541 
    49962897.77  0.48711 
    50054741.33  0.48879 
    50146584.89  0.49051 
    50238428.46  0.49223 
    50330272.02  0.49397 
    50422115.58  0.49572 
    50513959.14  0.49747 
    50605802.71  0.49919 
    50697646.27  0.50097 
    50789489.83  0.50275 
    50881333.39  0.50453 
    50973176.95  0.50633 
    51065020.52  0.50814 
    51156864.08  0.50989 
    51248707.64  0.51171 
    51340551.20  0.51354 
    51432394.76  0.51538 
    51524238.33  0.51722 
    51616081.89  0.51907 
    51707925.45  0.52085 
    51799769.01  0.52271 
    51891612.57  0.52458 
    51983456.14  0.52645 
    52075299.70  0.52833 
    52167143.26  0.53022 
    52258986.82  0.53212 
    52350830.38  0.53390 
    52442673.95  0.53580 
    52534517.51  0.53770 
    52626361.07  0.53961 
    52718204.63  0.54153 
    52810048.20  0.54345 
    52901891.76  0.54538 
    52993735.32  0.54713 
    53085578.88  0.54906 
    53177422.44  0.55098 
    53269266.01  0.55291 
    53361109.57  0.55485 
    53452953.13  0.55678 
    53544796.69  0.55872 
    53636640.25  0.56042 
    53728483.82  0.56234 
    53820327.38  0.56427 
    53912170.94  0.56620 
    54004014.50  0.56813 
    54095858.06  0.57006 
    54187701.63  0.57199 
    54279545.19  0.57391 
    54371388.75  0.57548 
    54463232.31  0.57739 
    54555075.87  0.57929 
    54646919.44  0.58119 
    54738763.00  0.58308 
    54830606.56  0.58497 
    54922450.12  0.58685 
    55014293.68  0.58872 
    55106137.25  0.59010 
    55197980.81  0.59194 
    55289824.37  0.59377 
    55381667.93  0.59559 
    55473511.50  0.59741 
    55565355.06  0.59921 
    55657198.62  0.60100 
    55749042.18  0.60278 
    55840885.74  0.60455 
    55932729.31  0.60560 
    56024572.87  0.60732 
    56116416.43  0.60901 
    56208259.99  0.61070 
    56300103.55  0.61236 
    56391947.12  0.61401 
    56483790.68  0.61564 
    56575634.24  0.61724 
    56667477.80  0.61883 
    56759321.36  0.61944 
    56851164.93  0.62095 
    56943008.49  0.62244 
    57034852.05  0.62390 
    57126695.61  0.62534 
    57218539.17  0.62676 
    57310382.74  0.62814 
    57402226.30  0.62950 
    57494069.86  0.63084 
    57585913.42  0.63214 
    57677756.99  0.63341 
    57769600.55  0.63327 
    57861444.11  0.63444 
    57953287.67  0.63557 
    58045131.23  0.63666 
    58136974.80  0.63772 
    58228818.36  0.63874 
    58320661.92  0.63973 
    58412505.48  0.64067 
    58504349.04  0.64158 
    58596192.61  0.64245 
    58688036.17  0.64327 
    58779879.73  0.64216 
    58871723.29  0.64284 
    58963566.85  0.64348 
    59055410.42  0.64407 
    59147253.98  0.64462 
    59239097.54  0.64512 
    59330941.10  0.64557 
    59422784.66  0.64596 
    59514628.23  0.64631 
    59606471.79  0.64661 
    59698315.35  0.64686 
    59790158.91  0.64705 
    59882002.48  0.64719 
    59973846.04  0.64465 
    60065689.60  0.64461 
    60157533.16  0.64451 
    60249376.72  0.64436 
    60341220.29  0.64414 
    60433063.85  0.64387 
    60524907.41  0.64354 
    60616750.97  0.64314 
    60708594.53  0.64269 
    60800438.10  0.64217 
    60892281.66  0.64159 
    60984125.22  0.64094 
    61075968.78  0.64024 
    61167812.34  0.63946 
    61259655.91  0.63511 
    61351499.47  0.63413 
    61443343.03  0.63308 
    61535186.59  0.63197 
    61627030.15  0.63078 
    61718873.72  0.62953 
    61810717.28  0.62822 
    61902560.84  0.62683 
    61994404.40  0.62537 
    62086247.96  0.62385 
    62178091.53  0.62226 
    62269935.09  0.62059 
    62361778.65  0.61886 
    62453622.21  0.61706 
    62545465.78  0.61519 
    62637309.34  0.61325 
    62729152.90  0.61124 
    62820996.46  0.60916 
    62912840.02  0.60700 
    63004683.59  0.60003 
    63096527.15  0.59766 
    63188370.71  0.59523 
    63280214.27  0.59272 
    63372057.83  0.59014 
    63463901.40  0.58750 
    63555744.96  0.58479 
    63647588.52  0.58201 
    63739432.08  0.57916 
    63831275.64  0.57625 
    63923119.21  0.57327 
    64014962.77  0.57023 
    64106806.33  0.56712 
    64198649.89  0.56395 
    64290493.45  0.56071 
    64382337.02  0.55741 
    64474180.58  0.55405 
    64566024.14  0.55063 
    64657867.70  0.54715 
    64749711.27  0.54361 
    64841554.83  0.54001 
    64933398.39  0.53635 
    65025241.95  0.53264 
    65117085.51  0.52887 
    65208929.08  0.52505 
    65300772.64  0.52117 
    65392616.20  0.51118 
    65484459.76  0.50714 
    65576303.32  0.50306 
    65668146.89  0.49892 
    65759990.45  0.49474 
    65851834.01  0.49051 
    65943677.57  0.48624 
    66035521.13  0.48193 
    66127364.70  0.47757 
    66219208.26  0.47318 
    66311051.82  0.46874 
    66402895.38  0.46427 
    66494738.94  0.45977 
    66586582.51  0.45523 
    66678426.07  0.45066 
    66770269.63  0.44606 
    66862113.19  0.44143 
    66953956.76  0.43677 
    67045800.32  0.43208 
    67137643.88  0.42737 
    67229487.44  0.42264 
    67321331.00  0.41788 
    67413174.57  0.41311 
    67505018.13  0.40831 
    67596861.69  0.40350 
    67688705.25  0.39868 
    67780548.81  0.39384 
    67872392.38  0.38898 
    67964235.94  0.38412 
    68056079.50  0.37925 
    68147923.06  0.37437 
    68239766.62  0.36949 
    68331610.19  0.36460 
    68423453.75  0.35971 
    68515297.31  0.35482 
    68607140.87  0.34993 
    68698984.43  0.34504 
    68790828.00  0.34016 
    68882671.56  0.33528 
    68974515.12  0.33041 
    69066358.68  0.32555 
    69158202.25  0.32070 
    69250045.81  0.31585 
    69341889.37  0.31103 
    69433732.93  0.30621 
    69525576.49  0.30141 
    69617420.06  0.29663 
    69709263.62  0.29187 
    69801107.18  0.28713 
    69892950.74  0.28240 
    69984794.30  0.27771 
    70076637.87  0.27303 
    70168481.43  0.26838 
    70260324.99  0.26376 
    70352168.55  0.25916 
    70444012.11  0.25460 
    70535855.68  0.25006 
    70627699.24  0.24555 
    70719542.80  0.24108 
    70811386.36  0.23664 
    70903229.92  0.23223 
    70995073.49  0.22786 
    71086917.05  0.22353 
    71178760.61  0.21923 
    71270604.17  0.21497 
    71362447.73  0.21075 
    71454291.30  0.20657 
    71546134.86  0.20244 
    71637978.42  0.19834 
    71729821.98  0.19428 
    71821665.55  0.19027 
    71913509.11  0.18630 
    72005352.67  0.18238 
    72097196.23  0.17850 
    72189039.79  0.17466 
    72280883.36  0.17087 
    72372726.92  0.16713 
    72464570.48  0.16343 
    72556414.04  0.15979 
    72648257.60  0.15618 
    72740101.17  0.15263 
    72831944.73  0.14913 
    72923788.29  0.14567 
    73015631.85  0.14227 
    73107475.41  0.13891 
    73199318.98  0.13560 
    73291162.54  0.13234 
    73383006.10  0.12913 
    73474849.66  0.12961 
    73566693.22  0.12646 
    73658536.79  0.12335 
    73750380.35  0.12029 
    73842223.91  0.11729 
    73934067.47  0.11433 
    74025911.04  0.11142 
    74117754.60  0.10857 
    74209598.16  0.10576 
    74301441.72  0.10300 
    74393285.28  0.10029 
    74485128.85  0.09763 
    74576972.41  0.09503 
    74668815.97  0.09247 
    74760659.53  0.08995 
    74852503.09  0.08749 
    74944346.66  0.08508 
    75036190.22  0.08271 
    75128033.78  0.08039 
    75219877.34  0.07812 
    75311720.90  0.07589 
    75403564.47  0.07371 
    75495408.03  0.07158 
    75587251.59  0.06949 
    75679095.15  0.06745 
    75770938.71  0.06545 
    75862782.28  0.06350 
    75954625.84  0.06159 
    76046469.40  0.06181 
    76138312.96  0.05995 
    76230156.53  0.05813 
    76322000.09  0.05635 
    76413843.65  0.05461 
    76505687.21  0.05291 
    76597530.77  0.05126 
    76689374.34  0.04964 
    76781217.90  0.04807 
    76873061.46  0.04653 
    76964905.02  0.04503 
    77056748.58  0.04357 
    77148592.15  0.04215 
    77240435.71  0.04077 
    77332279.27  0.03942 
    77424122.83  0.03810 
    77515966.39  0.03682 
    77607809.96  0.03558 
    77699653.52  0.03437 
    77791497.08  0.03319 
    77883340.64  0.03331 
    77975184.20  0.03216 
    78067027.77  0.03105 
    78158871.33  0.02997 
    78250714.89  0.02892 
    78342558.45  0.02790 
    78434402.01  0.02691 
    78526245.58  0.02595 
    78618089.14  0.02501 
    78709932.70  0.02411 
    78801776.26  0.02323 
    78893619.83  0.02238 
    78985463.39  0.02155 
    79077306.95  0.02075 
    79169150.51  0.01997 
    79260994.07  0.01922 
    79352837.64  0.01849 
    79444681.20  0.01856 
    79536524.76  0.01785 
    79628368.32  0.01717 
    79720211.88  0.01651 
    79812055.45  0.01587 
    79903899.01  0.01525 
    79995742.57  0.01466 
    80087586.13  0.01408 
    80179429.69  0.01352 
    80271273.26  0.01298 
    80363116.82  0.01246 
    80454960.38  0.01196 
    80546803.94  0.01147 
    80638647.50  0.01101 
    80730491.07  0.01055 
    80822334.63  0.01059 
    80914178.19  0.01015 
    81006021.75  0.00973 
    81097865.32  0.00933 
    81189708.88  0.00894 
    81281552.44  0.00856 
    81373396.00  0.00820 
    81465239.56  0.00785 
    81557083.13  0.00751 
    81648926.69  0.00719 
    81740770.25  0.00688 
    81832613.81  0.00658 
    81924457.37  0.00629 
    82016300.94  0.00631 
    82108144.50  0.00603 
    82199988.06  0.00577 
    82291831.62  0.00551 
    82383675.18  0.00526 
    82475518.75  0.00503 
    82567362.31  0.00480 
    82659205.87  0.00458 
    82751049.43  0.00437 
    82842892.99  0.00417 
    82934736.56  0.00398 
    83026580.12  0.00379 
    83118423.68  0.00381 
    83210267.24  0.00363 
    83302110.81  0.00346 
    83393954.37  0.00329 
    83485797.93  0.00314 
    83577641.49  0.00299 
    83669485.05  0.00285 
    83761328.62  0.00271 
    83853172.18  0.00258 
    83945015.74  0.00245 
    84036859.30  0.00233 
    84128702.86  0.00222 
    84220546.43  0.00222 
    84312389.99  0.00211 
    84404233.55  0.00201 
    84496077.11  0.00191 
    84587920.67  0.00181 
    84679764.24  0.00172 
    84771607.80  0.00163 
    84863451.36  0.00155 
    84955294.92  0.00147 
    85047138.48  0.00140 
    85138982.05  0.00132 
    85230825.61  0.00133 
    85322669.17  0.00126 
    85414512.73  0.00119 
    85506356.29  0.00113 
    85598199.86  0.00107 
    85690043.42  0.00101 
    85781886.98  0.00096 
    85873730.54  0.00091 
    85965574.11  0.00086 
    86057417.67  0.00081 
    86149261.23  0.00081 
    86241104.79  0.00077 
    86332948.35  0.00073 
    86424791.92  0.00069 
    86516635.48  0.00065 
    86608479.04  0.00061 
    86700322.60  0.00058 
    86792166.16  0.00054 
    86884009.73  0.00051 
    86975853.29  0.00048 
    87067696.85  0.00048 
    87159540.41  0.00046 
    87251383.97  0.00043 
    87343227.54  0.00040 
    87435071.10  0.00038 
    87526914.66  0.00036 
    87618758.22  0.00033 
    87710601.78  0.00031 
    87802445.35  0.00029 
    87894288.91  0.00030 
    87986132.47  0.00028 
    88077976.03  0.00026 
    88169819.60  0.00024 
    88261663.16  0.00023 
    88353506.72  0.00021 
    88445350.28  0.00020 
    88537193.84  0.00019 
    88629037.41  0.00017 
    88720880.97  0.00017 
    88812724.53  0.00016 
    88904568.09  0.00015 
    88996411.65  0.00014 
    89088255.22  0.00013 
    89180098.78  0.00012 
    89271942.34  0.00011 
    89363785.90  0.00010 
    89455629.46  0.00009 
    89547473.03  0.00010 
    89639316.59  0.00009 
    89731160.15  0.00008 
    89823003.71  0.00007 
    89914847.27  0.00007 
    90006690.84  0.00006 
    90098534.40  0.00006 
    90190377.96  0.00005 
    90282221.52  0.00005 
    90374065.09  0.00005 
    90465908.65  0.00004 
    90557752.21  0.00004 
    90649595.77  0.00003 
    90741439.33  0.00003 
    90833282.90  0.00002 
    90925126.46  0.00002 
    91016970.02  0.00002 
    91108813.58  0.00002 
    91200657.14  0.00002 
    91292500.71  0.00001 
    91384344.27  0.00001 
    91476187.83  0.00001 
    91568031.39  0.00000 
    91659874.95  0.00000 
    91751718.52  0.00000 
