A0_0 = 0.5 ;
A0_D = 0.0 ;
A0_N = 1.0 ;
Ee_0 = 0.5 ;
Ee_D = 0.5 ;
Ee_N = 6.0 ;
FWHMe_0 = 10.0 ;
FWHMe_D = 0.0 ;
FWHMe_N = 1.0 ;
LAMBDA_0 = 800.0 ;
LAMBDA_D = 0.0 ;
LAMBDA_N = 1.0 ;
NLCS_ORD = 1.0 ;
THETA01_L = 30.0 ;
THETA02_L = 0.0 ;
           0.00  1.00000 
           0.01  0.99697 
           0.01  0.99394 
           0.02  0.99092 
           0.02  0.98792 
           0.03  0.98492 
           0.03  0.98193 
           0.04  0.97895 
           0.04  0.97598 
           0.05  0.97302 
           0.06  0.97006 
           0.06  0.96712 
           0.07  0.96419 
           0.07  0.96126 
           0.08  0.95835 
           0.08  0.95544 
           0.09  0.95254 
           0.09  0.94965 
           0.10  0.94677 
           0.11  0.94390 
           0.11  0.94104 
           0.12  0.93818 
           0.12  0.93534 
           0.13  0.93251 
           0.13  0.92968 
           0.14  0.92686 
           0.15  0.92405 
           0.15  0.92125 
           0.16  0.91846 
           0.16  0.91568 
           0.17  0.91291 
           0.17  0.91015 
           0.18  0.90739 
           0.18  0.90464 
           0.19  0.90191 
           0.20  0.89918 
           0.20  0.89646 
           0.21  0.89375 
           0.21  0.89105 
           0.22  0.88835 
           0.22  0.88567 
           0.23  0.88299 
           0.23  0.88033 
           0.24  0.87767 
           0.25  0.87502 
           0.25  0.87238 
           0.26  0.86974 
           0.26  0.86712 
           0.27  0.86451 
           0.27  0.86190 
           0.28  0.85930 
           0.28  0.85672 
           0.29  0.85414 
           0.30  0.85156 
           0.30  0.84900 
           0.31  0.84645 
           0.31  0.84390 
           0.32  0.84137 
           0.32  0.83884 
           0.33  0.83632 
           0.33  0.83381 
           0.34  0.83130 
           0.35  0.82881 
           0.35  0.82632 
           0.36  0.82385 
           0.36  0.82138 
           0.37  0.81892 
           0.37  0.81647 
           0.38  0.81403 
           0.39  0.81159 
           0.39  0.80917 
           0.40  0.80675 
           0.40  0.80434 
           0.41  0.80194 
           0.41  0.79955 
           0.42  0.79717 
           0.42  0.79479 
           0.43  0.79242 
           0.44  0.79007 
           0.44  0.78772 
           0.45  0.78537 
           0.45  0.78304 
           0.46  0.78072 
           0.46  0.77840 
           0.47  0.77609 
           0.47  0.77379 
           0.48  0.77150 
           0.49  0.76922 
           0.49  0.76695 
           0.50  0.76468 
           0.50  0.76242 
           0.51  0.76017 
           0.51  0.75793 
           0.52  0.75570 
           0.52  0.75347 
           0.53  0.75126 
           0.54  0.74905 
           0.54  0.74685 
           0.55  0.74466 
           0.55  0.74247 
           0.56  0.74030 
           0.56  0.73813 
           0.57  0.73597 
           0.57  0.73382 
           0.58  0.73168 
           0.59  0.72955 
           0.59  0.72742 
           0.60  0.72530 
           0.60  0.72319 
           0.61  0.72109 
           0.61  0.71900 
           0.62  0.71691 
           0.63  0.71484 
           0.63  0.71277 
           0.64  0.71071 
           0.64  0.70866 
           0.65  0.70661 
           0.65  0.70457 
           0.66  0.70255 
           0.66  0.70053 
           0.67  0.69851 
           0.68  0.69651 
           0.68  0.69451 
           0.69  0.69253 
           0.69  0.69055 
           0.70  0.68857 
           0.70  0.68661 
           0.71  0.68465 
           0.71  0.68271 
           0.72  0.68077 
           0.73  0.67883 
           0.73  0.67691 
           0.74  0.67499 
           0.74  0.67309 
           0.75  0.67119 
           0.75  0.66930 
           0.76  0.66741 
           0.76  0.66554 
           0.77  0.66367 
           0.78  0.66181 
           0.78  0.65995 
           0.79  0.65811 
           0.79  0.65627 
           0.80  0.65445 
           0.80  0.65263 
           0.81  0.65081 
           0.81  0.64901 
           0.82  0.64721 
           0.83  0.64542 
           0.83  0.64364 
           0.84  0.64187 
           0.84  0.64010 
           0.85  0.63834 
           0.85  0.63659 
           0.86  0.63485 
           0.87  0.63312 
           0.87  0.63139 
           0.88  0.62967 
           0.88  0.62796 
           0.89  0.62626 
           0.89  0.62457 
           0.90  0.62288 
           0.90  0.62120 
           0.91  0.61953 
           0.92  0.61786 
           0.92  0.61621 
           0.93  0.61456 
           0.93  0.61292 
           0.94  0.61128 
           0.94  0.60966 
           0.95  0.60804 
           0.95  0.60643 
           0.96  0.60483 
           0.97  0.60324 
           0.97  0.60165 
           0.98  0.60007 
           0.98  0.59850 
           0.99  0.59694 
           0.99  0.59538 
           1.00  0.59383 
           1.00  0.59229 
           1.01  0.59076 
           1.02  0.58924 
           1.02  0.58772 
           1.03  0.58621 
           1.03  0.58471 
           1.04  0.58321 
           1.04  0.58173 
           1.05  0.58025 
           1.05  0.57877 
           1.06  0.57731 
           1.07  0.57585 
           1.07  0.57441 
           1.08  0.57297 
           1.08  0.57153 
           1.09  0.57011 
           1.09  0.56869 
           1.10  0.56728 
           1.10  0.56587 
           1.11  0.56448 
           1.12  0.56309 
           1.12  0.56171 
           1.13  0.56034 
           1.13  0.55897 
           1.14  0.55761 
           1.14  0.55626 
           1.15  0.55492 
           1.16  0.55359 
           1.16  0.55226 
           1.17  0.55094 
           1.17  0.54963 
           1.18  0.54832 
           1.18  0.54703 
           1.19  0.54574 
           1.19  0.54445 
           1.20  0.54318 
           1.21  0.54191 
           1.21  0.54065 
           1.22  0.53940 
           1.22  0.53815 
           1.23  0.53692 
           1.23  0.53569 
           1.24  0.53446 
           1.24  0.53325 
           1.25  0.53204 
           1.26  0.53084 
           1.26  0.52965 
           1.27  0.52846 
           1.27  0.52729 
           1.28  0.52612 
           1.28  0.52495 
           1.29  0.52380 
           1.29  0.52265 
           1.30  0.52151 
           1.31  0.52038 
           1.31  0.51925 
           1.32  0.51813 
           1.32  0.51702 
           1.33  0.51592 
           1.33  0.51482 
           1.34  0.51373 
           1.34  0.51265 
           1.35  0.51158 
           1.36  0.51051 
           1.36  0.50945 
           1.37  0.50840 
           1.37  0.50735 
           1.38  0.50632 
           1.38  0.50529 
           1.39  0.50427 
           1.40  0.50325 
           1.40  0.50224 
           1.41  0.50124 
           1.41  0.50025 
           1.42  0.49926 
           1.42  0.49829 
           1.43  0.49732 
           1.43  0.49635 
           1.44  0.49540 
           1.45  0.49445 
           1.45  0.49351 
           1.46  0.49257 
           1.46  0.49164 
           1.47  0.49072 
           1.47  0.48981 
           1.48  0.48891 
           1.48  0.48801 
           1.49  0.48712 
           1.50  0.48624 
           1.50  0.48536 
           1.51  0.48449 
           1.51  0.48363 
           1.52  0.48278 
           1.52  0.48193 
           1.53  0.48109 
           1.53  0.48026 
           1.54  0.47943 
           1.55  0.47862 
           1.55  0.47781 
           1.56  0.47700 
           1.56  0.47621 
           1.57  0.47542 
           1.57  0.47464 
           1.58  0.47387 
           1.58  0.47310 
           1.59  0.47234 
           1.60  0.47159 
           1.60  0.47084 
           1.61  0.47011 
           1.61  0.46937 
           1.62  0.46865 
           1.62  0.46794 
           1.63  0.46723 
           1.64  0.46653 
           1.64  0.46583 
           1.65  0.46514 
           1.65  0.46447 
           1.66  0.46379 
           1.66  0.46313 
           1.67  0.46247 
           1.67  0.46182 
           1.68  0.46118 
           1.69  0.46054 
           1.69  0.45991 
           1.70  0.45929 
           1.70  0.45867 
           1.71  0.45807 
           1.71  0.45747 
           1.72  0.45687 
           1.72  0.45629 
           1.73  0.45571 
           1.74  0.45514 
           1.74  0.45457 
           1.75  0.45402 
           1.75  0.45347 
           1.76  0.45292 
           1.76  0.45239 
           1.77  0.45186 
           1.77  0.45134 
           1.78  0.45082 
           1.79  0.45032 
           1.79  0.44982 
           1.80  0.44933 
           1.80  0.44884 
           1.81  0.44836 
           1.81  0.44789 
           1.82  0.44743 
           1.82  0.44697 
           1.83  0.44652 
           1.84  0.44608 
           1.84  0.44564 
           1.85  0.44522 
           1.85  0.44480 
           1.86  0.44438 
           1.86  0.44398 
           1.87  0.44358 
           1.88  0.44319 
           1.88  0.44280 
           1.89  0.44242 
           1.89  0.44205 
           1.90  0.44169 
           1.90  0.44133 
           1.91  0.44099 
           1.91  0.44064 
           1.92  0.44031 
           1.93  0.43998 
           1.93  0.43966 
           1.94  0.43935 
           1.94  0.43904 
           1.95  0.43874 
           1.95  0.43845 
           1.96  0.43817 
           1.96  0.43789 
           1.97  0.43762 
           1.98  0.43736 
           1.98  0.43710 
           1.99  0.43685 
           1.99  0.43661 
           2.00  0.43638 
           2.00  0.43615 
           2.01  0.43593 
           2.01  0.43572 
           2.02  0.43551 
           2.03  0.43531 
           2.03  0.43512 
           2.04  0.43494 
           2.04  0.43476 
           2.05  0.43459 
           2.05  0.43443 
           2.06  0.43427 
           2.06  0.43412 
           2.07  0.43398 
           2.08  0.43385 
           2.08  0.43372 
           2.09  0.43360 
           2.09  0.43349 
           2.10  0.43338 
           2.10  0.43328 
           2.11  0.43319 
           2.12  0.43311 
           2.12  0.43303 
           2.13  0.43296 
           2.13  0.43290 
           2.14  0.43284 
           2.14  0.43279 
           2.15  0.43275 
           2.15  0.43272 
           2.16  0.43269 
           2.17  0.43267 
           2.17  0.43266 
           2.18  0.43265 
           2.18  0.43265 
           2.19  0.43266 
           2.19  0.43268 
           2.20  0.43270 
           2.20  0.43273 
           2.21  0.43277 
           2.22  0.43281 
           2.22  0.43287 
           2.23  0.43292 
           2.23  0.43299 
           2.24  0.43306 
           2.24  0.43314 
           2.25  0.43323 
           2.25  0.43333 
           2.26  0.43343 
           2.27  0.43354 
           2.27  0.43365 
           2.28  0.43378 
           2.28  0.43391 
           2.29  0.43405 
           2.29  0.43419 
           2.30  0.43434 
           2.30  0.43450 
           2.31  0.43467 
           2.32  0.43484 
           2.32  0.43502 
           2.33  0.43521 
           2.33  0.43541 
           2.34  0.43561 
           2.34  0.43582 
           2.35  0.43604 
           2.36  0.43626 
           2.36  0.43649 
           2.37  0.43673 
           2.37  0.43698 
           2.38  0.43723 
           2.38  0.43749 
           2.39  0.43776 
           2.39  0.43803 
           2.40  0.43831 
           2.41  0.43860 
           2.41  0.43890 
           2.42  0.43920 
           2.42  0.43951 
           2.43  0.43983 
           2.43  0.44015 
           2.44  0.44048 
           2.44  0.44082 
           2.45  0.44117 
           2.46  0.44152 
           2.46  0.44189 
           2.47  0.44225 
           2.47  0.44263 
           2.48  0.44301 
           2.48  0.44340 
           2.49  0.44380 
           2.49  0.44420 
           2.50  0.44462 
           2.51  0.44503 
           2.51  0.44546 
           2.52  0.44589 
           2.52  0.44633 
           2.53  0.44678 
           2.53  0.44724 
           2.54  0.44770 
           2.54  0.44817 
           2.55  0.44865 
           2.56  0.44913 
           2.56  0.44962 
           2.57  0.45012 
           2.57  0.45063 
           2.58  0.45114 
           2.58  0.45166 
           2.59  0.45219 
           2.60  0.45272 
           2.60  0.45327 
           2.61  0.45382 
           2.61  0.45437 
           2.62  0.45494 
           2.62  0.45551 
           2.63  0.45609 
           2.63  0.45668 
           2.64  0.45727 
           2.65  0.45787 
           2.65  0.45848 
           2.66  0.45909 
           2.66  0.45972 
           2.67  0.46035 
           2.67  0.46098 
           2.68  0.46163 
           2.68  0.46228 
           2.69  0.46294 
           2.70  0.46361 
           2.70  0.46428 
           2.71  0.46496 
           2.71  0.46565 
           2.72  0.46635 
           2.72  0.46705 
           2.73  0.46776 
           2.73  0.46848 
           2.74  0.46921 
           2.75  0.46994 
           2.75  0.47068 
           2.76  0.47143 
           2.76  0.47219 
           2.77  0.47295 
           2.77  0.47372 
           2.78  0.47450 
           2.78  0.47528 
           2.79  0.47607 
           2.80  0.47687 
           2.80  0.47768 
           2.81  0.47849 
           2.81  0.47932 
           2.82  0.48015 
           2.82  0.48098 
           2.83  0.48183 
           2.83  0.48268 
           2.84  0.48354 
           2.85  0.48441 
           2.85  0.48528 
           2.86  0.48616 
           2.86  0.48705 
           2.87  0.48795 
           2.87  0.48885 
           2.88  0.48976 
           2.89  0.49068 
           2.89  0.49161 
           2.90  0.49254 
           2.90  0.49348 
           2.91  0.49443 
           2.91  0.49539 
           2.92  0.49635 
           2.92  0.49732 
           2.93  0.49830 
           2.94  0.49929 
           2.94  0.50028 
           2.95  0.50128 
           2.95  0.50229 
           2.96  0.50331 
           2.96  0.50433 
           2.97  0.50536 
           2.97  0.50640 
           2.98  0.50745 
           2.99  0.50850 
           2.99  0.50957 
           3.00  0.51064 
           3.00  0.51171 
           3.01  0.51280 
           3.01  0.51389 
           3.02  0.51499 
           3.02  0.51610 
           3.03  0.51721 
           3.04  0.51833 
           3.04  0.51946 
           3.05  0.52060 
           3.05  0.52175 
           3.06  0.52290 
           3.06  0.52406 
           3.07  0.52523 
           3.07  0.52641 
           3.08  0.52759 
           3.09  0.52878 
           3.09  0.52998 
           3.10  0.53119 
           3.10  0.53240 
           3.11  0.53362 
           3.11  0.53485 
           3.12  0.53609 
           3.13  0.53734 
           3.13  0.53859 
           3.14  0.53985 
           3.14  0.54112 
           3.15  0.54239 
           3.15  0.54368 
           3.16  0.54497 
           3.16  0.54627 
           3.17  0.54757 
           3.18  0.54889 
           3.18  0.55021 
           3.19  0.55154 
           3.19  0.55288 
           3.20  0.55423 
           3.20  0.55558 
           3.21  0.55694 
           3.21  0.55831 
           3.22  0.55969 
           3.23  0.56107 
           3.23  0.56246 
           3.24  0.56386 
           3.24  0.56527 
           3.25  0.56669 
           3.25  0.56811 
           3.26  0.56955 
           3.26  0.57098 
           3.27  0.57243 
           3.28  0.57389 
           3.28  0.57535 
           3.29  0.57682 
           3.29  0.57830 
           3.30  0.57979 
           3.30  0.58128 
           3.31  0.58279 
           3.31  0.58430 
           3.32  0.58582 
           3.33  0.58734 
           3.33  0.58888 
           3.34  0.59042 
           3.34  0.59197 
           3.35  0.59347 
           3.35  0.59498 
           3.36  0.59644 
           3.37  0.59796 
           3.37  0.59949 
           3.38  0.60095 
           3.38  0.60248 
           3.39  0.60394 
           3.39  0.60548 
           3.40  0.60694 
           3.40  0.60849 
           3.41  0.61004 
           3.42  0.61150 
           3.42  0.61306 
           3.43  0.61451 
           3.43  0.61608 
           3.44  0.61764 
           3.44  0.61909 
           3.45  0.62066 
           3.45  0.62209 
           3.46  0.62366 
           3.47  0.62509 
           3.47  0.62666 
           3.48  0.62823 
           3.48  0.62964 
           3.49  0.63121 
           3.49  0.63260 
           3.50  0.63417 
           3.50  0.63574 
           3.51  0.63711 
           3.52  0.63867 
           3.52  0.64001 
           3.53  0.64157 
           3.53  0.64313 
           3.54  0.64444 
           3.54  0.64599 
           3.55  0.64754 
           3.55  0.64880 
           3.56  0.65034 
           3.57  0.65157 
           3.57  0.65309 
           3.58  0.65462 
           3.58  0.65579 
           3.59  0.65730 
           3.59  0.65842 
           3.60  0.65991 
           3.61  0.66140 
           3.61  0.66246 
           3.62  0.66392 
           3.62  0.66538 
           3.63  0.66637 
           3.63  0.66780 
           3.64  0.66872 
           3.64  0.67013 
           3.65  0.67153 
           3.66  0.67236 
           3.66  0.67373 
           3.67  0.67509 
           3.67  0.67582 
           3.68  0.67715 
           3.68  0.67780 
           3.69  0.67908 
           3.69  0.68036 
           3.70  0.68089 
           3.71  0.68213 
           3.71  0.68335 
           3.72  0.68376 
           3.72  0.68493 
           3.73  0.68609 
           3.73  0.68636 
           3.74  0.68747 
           3.74  0.68857 
           3.75  0.68869 
           3.76  0.68973 
           3.76  0.68973 
           3.77  0.69071 
           3.77  0.69167 
           3.78  0.69151 
           3.78  0.69241 
           3.79  0.69329 
           3.79  0.69294 
           3.80  0.69376 
           3.81  0.69455 
           3.81  0.69401 
           3.82  0.69473 
           3.82  0.69542 
           3.83  0.69469 
           3.83  0.69531 
           3.84  0.69590 
           3.85  0.69495 
           3.85  0.69546 
           3.86  0.69595 
           3.86  0.69477 
           3.87  0.69517 
           3.87  0.69554 
           3.88  0.69414 
           3.88  0.69442 
           3.89  0.69467 
           3.90  0.69302 
           3.90  0.69317 
           3.91  0.69330 
           3.91  0.69140 
           3.92  0.69142 
           3.92  0.69141 
           3.93  0.68925 
           3.93  0.68914 
           3.94  0.68899 
           3.95  0.68656 
           3.95  0.68631 
           3.96  0.68602 
           3.96  0.68570 
           3.97  0.68292 
           3.97  0.68248 
           3.98  0.68201 
           3.98  0.67895 
           3.99  0.67836 
           4.00  0.67774 
           4.00  0.67439 
           4.01  0.67365 
           4.01  0.67288 
           4.02  0.66923 
           4.02  0.66833 
           4.03  0.66740 
           4.03  0.66346 
           4.04  0.66241 
           4.05  0.66132 
           4.05  0.66019 
           4.06  0.65586 
           4.06  0.65461 
           4.07  0.65332 
           4.07  0.64870 
           4.08  0.64729 
           4.09  0.64584 
           4.09  0.64435 
           4.10  0.63935 
           4.10  0.63774 
           4.11  0.63609 
           4.11  0.63080 
           4.12  0.62903 
           4.12  0.62722 
           4.13  0.62165 
           4.14  0.61972 
           4.14  0.61775 
           4.15  0.61574 
           4.15  0.60981 
           4.16  0.60769 
           4.16  0.60553 
           4.17  0.59933 
           4.17  0.59706 
           4.18  0.59475 
           4.19  0.59240 
           4.19  0.58587 
           4.20  0.58342 
           4.20  0.58093 
           4.21  0.57840 
           4.21  0.57156 
           4.22  0.56893 
           4.22  0.56627 
           4.23  0.55920 
           4.24  0.55644 
           4.24  0.55364 
           4.25  0.55082 
           4.25  0.54348 
           4.26  0.54056 
           4.26  0.53761 
           4.27  0.53463 
           4.27  0.52705 
           4.28  0.52399 
           4.29  0.52090 
           4.29  0.51314 
           4.30  0.50998 
           4.30  0.50678 
           4.31  0.50357 
           4.31  0.49562 
           4.32  0.49233 
           4.33  0.48903 
           4.33  0.48569 
           4.34  0.47758 
           4.34  0.47420 
           4.35  0.47079 
           4.35  0.46736 
           4.36  0.45912 
           4.36  0.45564 
           4.37  0.45215 
           4.38  0.44863 
           4.38  0.44030 
           4.39  0.43675 
           4.39  0.43319 
           4.40  0.42961 
           4.40  0.42121 
           4.41  0.41761 
           4.41  0.41400 
           4.42  0.41037 
           4.43  0.40195 
           4.43  0.39831 
           4.44  0.39466 
           4.44  0.39100 
           4.45  0.38259 
           4.45  0.37893 
           4.46  0.37526 
           4.46  0.37159 
           4.47  0.36322 
           4.48  0.35955 
           4.48  0.35589 
           4.49  0.35222 
           4.49  0.34392 
           4.50  0.34027 
           4.50  0.33663 
           4.51  0.33298 
           4.51  0.32934 
           4.52  0.32117 
           4.53  0.31755 
           4.53  0.31394 
           4.54  0.31034 
           4.54  0.30231 
           4.55  0.29874 
           4.55  0.29519 
           4.56  0.29164 
           4.56  0.28378 
           4.57  0.28028 
           4.58  0.27679 
           4.58  0.27331 
           4.59  0.26984 
           4.59  0.26222 
           4.60  0.25881 
           4.60  0.25541 
           4.61  0.25203 
           4.62  0.24463 
           4.62  0.24131 
           4.63  0.23801 
           4.63  0.23472 
           4.64  0.23146 
           4.64  0.22436 
           4.65  0.22116 
           4.65  0.21798 
           4.66  0.21482 
           4.67  0.20799 
           4.67  0.20490 
           4.68  0.20184 
           4.68  0.19880 
           4.69  0.19578 
           4.69  0.18929 
           4.70  0.18634 
           4.70  0.18343 
           4.71  0.18053 
           4.72  0.17766 
           4.72  0.17153 
           4.73  0.16874 
           4.73  0.16598 
           4.74  0.16324 
           4.74  0.16053 
           4.75  0.15476 
           4.75  0.15214 
           4.76  0.14954 
           4.77  0.14696 
           4.77  0.14442 
           4.78  0.13903 
           4.78  0.13657 
           4.79  0.13413 
           4.79  0.13173 
           4.80  0.12935 
           4.80  0.12433 
           4.81  0.12204 
           4.82  0.11978 
           4.82  0.11754 
           4.83  0.11533 
           4.83  0.11069 
           4.84  0.10857 
           4.84  0.10647 
           4.85  0.10441 
           4.86  0.10236 
           4.86  0.09810 
           4.87  0.09614 
           4.87  0.09421 
           4.88  0.09231 
           4.88  0.09044 
           4.89  0.08859 
           4.89  0.08474 
           4.90  0.08298 
           4.91  0.08124 
           4.91  0.07952 
           4.92  0.07784 
           4.92  0.07434 
           4.93  0.07273 
           4.93  0.07115 
           4.94  0.06960 
           4.94  0.06806 
           4.95  0.06656 
           4.96  0.06345 
           4.96  0.06202 
           4.97  0.06061 
           4.97  0.05923 
           4.98  0.05787 
           4.98  0.05507 
           4.99  0.05379 
           4.99  0.05252 
           5.00  0.05128 
           5.01  0.05006 
           5.01  0.04886 
           5.02  0.04641 
           5.02  0.04528 
           5.03  0.04417 
           5.03  0.04308 
           5.04  0.04202 
           5.04  0.04097 
           5.05  0.03883 
           5.06  0.03785 
           5.06  0.03688 
           5.07  0.03594 
           5.07  0.03501 
           5.08  0.03410 
           5.08  0.03225 
           5.09  0.03140 
           5.10  0.03056 
           5.10  0.02975 
           5.11  0.02895 
           5.11  0.02816 
           5.12  0.02658 
           5.12  0.02585 
           5.13  0.02513 
           5.13  0.02443 
           5.14  0.02374 
           5.15  0.02307 
           5.15  0.02242 
           5.16  0.02110 
           5.16  0.02049 
           5.17  0.01989 
           5.17  0.01931 
           5.18  0.01874 
           5.18  0.01818 
           5.19  0.01706 
           5.20  0.01655 
           5.20  0.01604 
           5.21  0.01555 
           5.21  0.01507 
           5.22  0.01460 
           5.22  0.01414 
           5.23  0.01323 
           5.23  0.01281 
           5.24  0.01239 
           5.25  0.01199 
           5.25  0.01160 
           5.26  0.01122 
           5.26  0.01085 
           5.27  0.01010 
           5.27  0.00976 
           5.28  0.00943 
           5.28  0.00910 
           5.29  0.00878 
           5.30  0.00848 
           5.30  0.00817 
           5.31  0.00758 
           5.31  0.00730 
           5.32  0.00703 
           5.32  0.00677 
           5.33  0.00652 
           5.34  0.00627 
           5.34  0.00603 
           5.35  0.00580 
           5.35  0.00534 
           5.36  0.00512 
           5.36  0.00491 
           5.37  0.00471 
           5.37  0.00452 
           5.38  0.00433 
           5.39  0.00414 
           5.39  0.00378 
           5.40  0.00361 
           5.40  0.00344 
           5.41  0.00328 
           5.41  0.00313 
           5.42  0.00298 
           5.42  0.00283 
           5.43  0.00269 
           5.44  0.00242 
           5.44  0.00229 
           5.45  0.00217 
           5.45  0.00204 
           5.46  0.00193 
           5.46  0.00181 
           5.47  0.00170 
           5.47  0.00160 
           5.48  0.00139 
           5.49  0.00129 
           5.49  0.00120 
           5.50  0.00111 
           5.50  0.00102 
           5.51  0.00094 
           5.51  0.00086 
           5.52  0.00078 
           5.52  0.00070 
           5.53  0.00055 
           5.54  0.00048 
           5.54  0.00041 
           5.55  0.00035 
           5.55  0.00029 
           5.56  0.00022 
           5.56  0.00017 
           5.57  0.00011 
           5.58  0.00005 
