A0_0 = 0.5 ;
A0_D = 0.0 ;
A0_N = 1.0 ;
Ee_0 = 0.5 ;
Ee_D = 0.5 ;
Ee_N = 6.0 ;
FWHMe_0 = 10.0 ;
FWHMe_D = 0.0 ;
FWHMe_N = 1.0 ;
LAMBDA_0 = 800.0 ;
LAMBDA_D = 0.0 ;
LAMBDA_N = 1.0 ;
NLCS_ORD = 1.0 ;
THETA01_L = 30.0 ;
THETA02_L = 0.0 ;
           0.00  1.00000 
           0.05  0.99702 
           0.10  0.99406 
           0.15  0.99110 
           0.20  0.98815 
           0.25  0.98521 
           0.30  0.98227 
           0.34  0.97935 
           0.39  0.97643 
           0.44  0.97353 
           0.49  0.97063 
           0.54  0.96774 
           0.59  0.96486 
           0.64  0.96199 
           0.69  0.95912 
           0.74  0.95627 
           0.79  0.95342 
           0.84  0.95058 
           0.89  0.94776 
           0.94  0.94493 
           0.99  0.94212 
           1.03  0.93932 
           1.08  0.93652 
           1.13  0.93374 
           1.18  0.93096 
           1.23  0.92819 
           1.28  0.92543 
           1.33  0.92268 
           1.38  0.91993 
           1.43  0.91720 
           1.48  0.91447 
           1.53  0.91175 
           1.58  0.90904 
           1.63  0.90634 
           1.67  0.90364 
           1.72  0.90096 
           1.77  0.89828 
           1.82  0.89561 
           1.87  0.89295 
           1.92  0.89030 
           1.97  0.88766 
           2.02  0.88502 
           2.07  0.88240 
           2.12  0.87978 
           2.17  0.87717 
           2.22  0.87457 
           2.27  0.87197 
           2.31  0.86939 
           2.36  0.86681 
           2.41  0.86424 
           2.46  0.86168 
           2.51  0.85913 
           2.56  0.85659 
           2.61  0.85405 
           2.66  0.85153 
           2.71  0.84901 
           2.76  0.84650 
           2.81  0.84399 
           2.86  0.84150 
           2.91  0.83901 
           2.96  0.83654 
           3.00  0.83407 
           3.05  0.83160 
           3.10  0.82915 
           3.15  0.82671 
           3.20  0.82427 
           3.25  0.82184 
           3.30  0.81942 
           3.35  0.81701 
           3.40  0.81460 
           3.45  0.81221 
           3.50  0.80982 
           3.55  0.80744 
           3.60  0.80507 
           3.64  0.80270 
           3.69  0.80035 
           3.74  0.79800 
           3.79  0.79566 
           3.84  0.79333 
           3.89  0.79100 
           3.94  0.78869 
           3.99  0.78638 
           4.04  0.78408 
           4.09  0.78179 
           4.14  0.77951 
           4.19  0.77723 
           4.24  0.77497 
           4.28  0.77271 
           4.33  0.77045 
           4.38  0.76821 
           4.43  0.76598 
           4.48  0.76375 
           4.53  0.76153 
           4.58  0.75932 
           4.63  0.75711 
           4.68  0.75492 
           4.73  0.75273 
           4.78  0.75055 
           4.83  0.74838 
           4.88  0.74621 
           4.93  0.74406 
           4.97  0.74191 
           5.02  0.73977 
           5.07  0.73764 
           5.12  0.73551 
           5.17  0.73340 
           5.22  0.73129 
           5.27  0.72919 
           5.32  0.72709 
           5.37  0.72501 
           5.42  0.72293 
           5.47  0.72086 
           5.52  0.71880 
           5.57  0.71675 
           5.61  0.71470 
           5.66  0.71266 
           5.71  0.71063 
           5.76  0.70861 
           5.81  0.70659 
           5.86  0.70459 
           5.91  0.70259 
           5.96  0.70059 
           6.01  0.69861 
           6.06  0.69663 
           6.11  0.69467 
           6.16  0.69271 
           6.21  0.69075 
           6.25  0.68881 
           6.30  0.68687 
           6.35  0.68494 
           6.40  0.68302 
           6.45  0.68110 
           6.50  0.67920 
           6.55  0.67730 
           6.60  0.67541 
           6.65  0.67352 
           6.70  0.67165 
           6.75  0.66978 
           6.80  0.66792 
           6.85  0.66607 
           6.90  0.66422 
           6.94  0.66238 
           6.99  0.66055 
           7.04  0.65873 
           7.09  0.65692 
           7.14  0.65511 
           7.19  0.65331 
           7.24  0.65152 
           7.29  0.64973 
           7.34  0.64796 
           7.39  0.64619 
           7.44  0.64443 
           7.49  0.64267 
           7.54  0.64093 
           7.58  0.63919 
           7.63  0.63746 
           7.68  0.63573 
           7.73  0.63402 
           7.78  0.63231 
           7.83  0.63061 
           7.88  0.62891 
           7.93  0.62723 
           7.98  0.62555 
           8.03  0.62388 
           8.08  0.62222 
           8.13  0.62056 
           8.18  0.61891 
           8.23  0.61727 
           8.27  0.61564 
           8.32  0.61401 
           8.37  0.61240 
           8.42  0.61078 
           8.47  0.60918 
           8.52  0.60759 
           8.57  0.60600 
           8.62  0.60442 
           8.67  0.60284 
           8.72  0.60128 
           8.77  0.59972 
           8.82  0.59817 
           8.87  0.59663 
           8.91  0.59509 
           8.96  0.59356 
           9.01  0.59204 
           9.06  0.59053 
           9.11  0.58902 
           9.16  0.58752 
           9.21  0.58603 
           9.26  0.58455 
           9.31  0.58307 
           9.36  0.58160 
           9.41  0.58014 
           9.46  0.57868 
           9.51  0.57724 
           9.55  0.57580 
           9.60  0.57437 
           9.65  0.57294 
           9.70  0.57152 
           9.75  0.57011 
           9.80  0.56871 
           9.85  0.56732 
           9.90  0.56593 
           9.95  0.56455 
          10.00  0.56317 
          10.05  0.56181 
          10.10  0.56045 
          10.15  0.55910 
          10.20  0.55775 
          10.24  0.55642 
          10.29  0.55509 
          10.34  0.55377 
          10.39  0.55245 
          10.44  0.55115 
          10.49  0.54985 
          10.54  0.54855 
          10.59  0.54727 
          10.64  0.54599 
          10.69  0.54472 
          10.74  0.54346 
          10.79  0.54220 
          10.84  0.54095 
          10.88  0.53971 
          10.93  0.53847 
          10.98  0.53725 
          11.03  0.53603 
          11.08  0.53482 
          11.13  0.53361 
          11.18  0.53241 
          11.23  0.53122 
          11.28  0.53004 
          11.33  0.52886 
          11.38  0.52769 
          11.43  0.52653 
          11.48  0.52538 
          11.52  0.52423 
          11.57  0.52309 
          11.62  0.52196 
          11.67  0.52083 
          11.72  0.51972 
          11.77  0.51860 
          11.82  0.51750 
          11.87  0.51640 
          11.92  0.51532 
          11.97  0.51423 
          12.02  0.51316 
          12.07  0.51209 
          12.12  0.51103 
          12.17  0.50998 
          12.21  0.50893 
          12.26  0.50789 
          12.31  0.50686 
          12.36  0.50584 
          12.41  0.50482 
          12.46  0.50381 
          12.51  0.50281 
          12.56  0.50181 
          12.61  0.50082 
          12.66  0.49984 
          12.71  0.49887 
          12.76  0.49790 
          12.81  0.49694 
          12.85  0.49599 
          12.90  0.49505 
          12.95  0.49411 
          13.00  0.49318 
          13.05  0.49225 
          13.10  0.49134 
          13.15  0.49043 
          13.20  0.48952 
          13.25  0.48863 
          13.30  0.48774 
          13.35  0.48686 
          13.40  0.48599 
          13.45  0.48512 
          13.50  0.48426 
          13.54  0.48341 
          13.59  0.48256 
          13.64  0.48173 
          13.69  0.48090 
          13.74  0.48007 
          13.79  0.47926 
          13.84  0.47845 
          13.89  0.47764 
          13.94  0.47685 
          13.99  0.47606 
          14.04  0.47528 
          14.09  0.47451 
          14.14  0.47374 
          14.18  0.47298 
          14.23  0.47223 
          14.28  0.47148 
          14.33  0.47075 
          14.38  0.47002 
          14.43  0.46929 
          14.48  0.46857 
          14.53  0.46787 
          14.58  0.46716 
          14.63  0.46647 
          14.68  0.46578 
          14.73  0.46510 
          14.78  0.46442 
          14.82  0.46376 
          14.87  0.46310 
          14.92  0.46244 
          14.97  0.46180 
          15.02  0.46116 
          15.07  0.46053 
          15.12  0.45991 
          15.17  0.45929 
          15.22  0.45868 
          15.27  0.45808 
          15.32  0.45748 
          15.37  0.45689 
          15.42  0.45631 
          15.47  0.45573 
          15.51  0.45517 
          15.56  0.45461 
          15.61  0.45405 
          15.66  0.45351 
          15.71  0.45297 
          15.76  0.45244 
          15.81  0.45191 
          15.86  0.45139 
          15.91  0.45088 
          15.96  0.45038 
          16.01  0.44988 
          16.06  0.44939 
          16.11  0.44891 
          16.15  0.44844 
          16.20  0.44797 
          16.25  0.44751 
          16.30  0.44705 
          16.35  0.44661 
          16.40  0.44617 
          16.45  0.44573 
          16.50  0.44531 
          16.55  0.44489 
          16.60  0.44448 
          16.65  0.44407 
          16.70  0.44368 
          16.75  0.44329 
          16.79  0.44290 
          16.84  0.44253 
          16.89  0.44216 
          16.94  0.44180 
          16.99  0.44144 
          17.04  0.44109 
          17.09  0.44075 
          17.14  0.44042 
          17.19  0.44009 
          17.24  0.43977 
          17.29  0.43946 
          17.34  0.43916 
          17.39  0.43886 
          17.44  0.43857 
          17.48  0.43828 
          17.53  0.43801 
          17.58  0.43774 
          17.63  0.43747 
          17.68  0.43722 
          17.73  0.43697 
          17.78  0.43673 
          17.83  0.43649 
          17.88  0.43627 
          17.93  0.43605 
          17.98  0.43583 
          18.03  0.43563 
          18.08  0.43543 
          18.12  0.43524 
          18.17  0.43505 
          18.22  0.43488 
          18.27  0.43470 
          18.32  0.43454 
          18.37  0.43439 
          18.42  0.43424 
          18.47  0.43409 
          18.52  0.43396 
          18.57  0.43383 
          18.62  0.43371 
          18.67  0.43360 
          18.72  0.43349 
          18.76  0.43339 
          18.81  0.43330 
          18.86  0.43321 
          18.91  0.43314 
          18.96  0.43307 
          19.01  0.43300 
          19.06  0.43294 
          19.11  0.43290 
          19.16  0.43285 
          19.21  0.43282 
          19.26  0.43279 
          19.31  0.43277 
          19.36  0.43275 
          19.41  0.43275 
          19.45  0.43275 
          19.50  0.43276 
          19.55  0.43277 
          19.60  0.43279 
          19.65  0.43282 
          19.70  0.43286 
          19.75  0.43290 
          19.80  0.43295 
          19.85  0.43301 
          19.90  0.43307 
          19.95  0.43314 
          20.00  0.43322 
          20.05  0.43331 
          20.09  0.43340 
          20.14  0.43350 
          20.19  0.43361 
          20.24  0.43372 
          20.29  0.43385 
          20.34  0.43398 
          20.39  0.43411 
          20.44  0.43426 
          20.49  0.43441 
          20.54  0.43456 
          20.59  0.43473 
          20.64  0.43490 
          20.69  0.43508 
          20.74  0.43527 
          20.78  0.43546 
          20.83  0.43566 
          20.88  0.43587 
          20.93  0.43608 
          20.98  0.43631 
          21.03  0.43653 
          21.08  0.43677 
          21.13  0.43702 
          21.18  0.43727 
          21.23  0.43752 
          21.28  0.43779 
          21.33  0.43806 
          21.38  0.43834 
          21.42  0.43863 
          21.47  0.43892 
          21.52  0.43923 
          21.57  0.43953 
          21.62  0.43985 
          21.67  0.44017 
          21.72  0.44050 
          21.77  0.44084 
          21.82  0.44119 
          21.87  0.44154 
          21.92  0.44190 
          21.97  0.44227 
          22.02  0.44264 
          22.06  0.44302 
          22.11  0.44341 
          22.16  0.44381 
          22.21  0.44421 
          22.26  0.44462 
          22.31  0.44504 
          22.36  0.44546 
          22.41  0.44589 
          22.46  0.44633 
          22.51  0.44678 
          22.56  0.44723 
          22.61  0.44770 
          22.66  0.44816 
          22.71  0.44864 
          22.75  0.44912 
          22.80  0.44961 
          22.85  0.45011 
          22.90  0.45062 
          22.95  0.45113 
          23.00  0.45165 
          23.05  0.45218 
          23.10  0.45271 
          23.15  0.45325 
          23.20  0.45380 
          23.25  0.45436 
          23.30  0.45492 
          23.35  0.45549 
          23.39  0.45607 
          23.44  0.45666 
          23.49  0.45725 
          23.54  0.45785 
          23.59  0.45846 
          23.64  0.45907 
          23.69  0.45970 
          23.74  0.46033 
          23.79  0.46096 
          23.84  0.46161 
          23.89  0.46226 
          23.94  0.46292 
          23.99  0.46359 
          24.03  0.46426 
          24.08  0.46494 
          24.13  0.46563 
          24.18  0.46633 
          24.23  0.46703 
          24.28  0.46775 
          24.33  0.46847 
          24.38  0.46919 
          24.43  0.46993 
          24.48  0.47067 
          24.53  0.47142 
          24.58  0.47217 
          24.63  0.47294 
          24.68  0.47371 
          24.72  0.47449 
          24.77  0.47527 
          24.82  0.47607 
          24.87  0.47687 
          24.92  0.47768 
          24.97  0.47849 
          25.02  0.47932 
          25.07  0.48015 
          25.12  0.48099 
          25.17  0.48183 
          25.22  0.48268 
          25.27  0.48355 
          25.32  0.48441 
          25.36  0.48529 
          25.41  0.48618 
          25.46  0.48707 
          25.51  0.48797 
          25.56  0.48887 
          25.61  0.48979 
          25.66  0.49071 
          25.71  0.49164 
          25.76  0.49257 
          25.81  0.49352 
          25.86  0.49447 
          25.91  0.49543 
          25.96  0.49640 
          26.00  0.49737 
          26.05  0.49835 
          26.10  0.49935 
          26.15  0.50034 
          26.20  0.50135 
          26.25  0.50236 
          26.30  0.50338 
          26.35  0.50441 
          26.40  0.50545 
          26.45  0.50649 
          26.50  0.50754 
          26.55  0.50860 
          26.60  0.50967 
          26.65  0.51074 
          26.69  0.51182 
          26.74  0.51291 
          26.79  0.51401 
          26.84  0.51512 
          26.89  0.51623 
          26.94  0.51735 
          26.99  0.51848 
          27.04  0.51961 
          27.09  0.52076 
          27.14  0.52191 
          27.19  0.52307 
          27.24  0.52424 
          27.29  0.52541 
          27.33  0.52659 
          27.38  0.52778 
          27.43  0.52898 
          27.48  0.53019 
          27.53  0.53140 
          27.58  0.53263 
          27.63  0.53385 
          27.68  0.53509 
          27.73  0.53634 
          27.78  0.53759 
          27.83  0.53885 
          27.88  0.54012 
          27.93  0.54140 
          27.98  0.54268 
          28.02  0.54397 
          28.07  0.54527 
          28.12  0.54658 
          28.17  0.54790 
          28.22  0.54922 
          28.27  0.55055 
          28.32  0.55189 
          28.37  0.55324 
          28.42  0.55460 
          28.47  0.55596 
          28.52  0.55733 
          28.57  0.55871 
          28.62  0.56010 
          28.66  0.56150 
          28.71  0.56290 
          28.76  0.56431 
          28.81  0.56573 
          28.86  0.56716 
          28.91  0.56859 
          28.96  0.57004 
          29.01  0.57149 
          29.06  0.57295 
          29.11  0.57442 
          29.16  0.57589 
          29.21  0.57738 
          29.26  0.57887 
          29.30  0.58037 
          29.35  0.58188 
          29.40  0.58339 
          29.45  0.58492 
          29.50  0.58645 
          29.55  0.58799 
          29.60  0.58954 
          29.65  0.59110 
          29.70  0.59261 
          29.75  0.59407 
          29.80  0.59559 
          29.85  0.59705 
          29.90  0.59858 
          29.95  0.60012 
          29.99  0.60158 
          30.04  0.60313 
          30.09  0.60459 
          30.14  0.60614 
          30.19  0.60761 
          30.24  0.60916 
          30.29  0.61073 
          30.34  0.61219 
          30.39  0.61376 
          30.44  0.61521 
          30.49  0.61678 
          30.54  0.61823 
          30.59  0.61980 
          30.63  0.62138 
          30.68  0.62282 
          30.73  0.62440 
          30.78  0.62582 
          30.83  0.62740 
          30.88  0.62898 
          30.93  0.63039 
          30.98  0.63196 
          31.03  0.63335 
          31.08  0.63493 
          31.13  0.63650 
          31.18  0.63786 
          31.23  0.63943 
          31.27  0.64076 
          31.32  0.64233 
          31.37  0.64389 
          31.42  0.64519 
          31.47  0.64674 
          31.52  0.64800 
          31.57  0.64955 
          31.62  0.65109 
          31.67  0.65230 
          31.72  0.65383 
          31.77  0.65499 
          31.82  0.65651 
          31.87  0.65801 
          31.92  0.65912 
          31.96  0.66061 
          32.01  0.66209 
          32.06  0.66313 
          32.11  0.66459 
          32.16  0.66556 
          32.21  0.66700 
          32.26  0.66843 
          32.31  0.66932 
          32.36  0.67072 
          32.41  0.67154 
          32.46  0.67291 
          32.51  0.67427 
          32.56  0.67499 
          32.60  0.67632 
          32.65  0.67763 
          32.70  0.67824 
          32.75  0.67951 
          32.80  0.68078 
          32.85  0.68126 
          32.90  0.68248 
          32.95  0.68287 
          33.00  0.68405 
          33.05  0.68520 
          33.10  0.68545 
          33.15  0.68656 
          33.20  0.68765 
          33.24  0.68775 
          33.29  0.68879 
          33.34  0.68980 
          33.39  0.68974 
          33.44  0.69070 
          33.49  0.69164 
          33.54  0.69140 
          33.59  0.69227 
          33.64  0.69190 
          33.69  0.69270 
          33.74  0.69349 
          33.79  0.69292 
          33.84  0.69363 
          33.89  0.69432 
          33.93  0.69355 
          33.98  0.69416 
          34.03  0.69474 
          34.08  0.69375 
          34.13  0.69425 
          34.18  0.69473 
          34.23  0.69352 
          34.28  0.69390 
          34.33  0.69426 
          34.38  0.69282 
          34.43  0.69308 
          34.48  0.69332 
          34.53  0.69163 
          34.57  0.69177 
          34.62  0.69188 
          34.67  0.68993 
          34.72  0.68994 
          34.77  0.68992 
          34.82  0.68771 
          34.87  0.68758 
          34.92  0.68742 
          34.97  0.68494 
          35.02  0.68467 
          35.07  0.68437 
          35.12  0.68160 
          35.17  0.68119 
          35.22  0.68074 
          35.26  0.67770 
          35.31  0.67713 
          35.36  0.67653 
          35.41  0.67320 
          35.46  0.67248 
          35.51  0.67173 
          35.56  0.67093 
          35.61  0.66722 
          35.66  0.66631 
          35.71  0.66536 
          35.76  0.66136 
          35.81  0.66029 
          35.86  0.65918 
          35.90  0.65488 
          35.95  0.65365 
          36.00  0.65238 
          36.05  0.64777 
          36.10  0.64639 
          36.15  0.64496 
          36.20  0.64348 
          36.25  0.63851 
          36.30  0.63692 
          36.35  0.63528 
          36.40  0.63002 
          36.45  0.62827 
          36.50  0.62648 
          36.54  0.62092 
          36.59  0.61901 
          36.64  0.61706 
          36.69  0.61508 
          36.74  0.60916 
          36.79  0.60706 
          36.84  0.60492 
          36.89  0.59874 
          36.94  0.59649 
          36.99  0.59420 
          37.04  0.59187 
          37.09  0.58536 
          37.14  0.58292 
          37.19  0.58045 
          37.23  0.57369 
          37.28  0.57111 
          37.33  0.56850 
          37.38  0.56586 
          37.43  0.55880 
          37.48  0.55606 
          37.53  0.55328 
          37.58  0.54602 
          37.63  0.54315 
          37.68  0.54025 
          37.73  0.53732 
          37.78  0.52980 
          37.83  0.52678 
          37.87  0.52374 
          37.92  0.51604 
          37.97  0.51292 
          38.02  0.50977 
          38.07  0.50660 
          38.12  0.49870 
          38.17  0.49546 
          38.22  0.49219 
          38.27  0.48890 
          38.32  0.48083 
          38.37  0.47748 
          38.42  0.47410 
          38.47  0.47071 
          38.51  0.46250 
          38.56  0.45906 
          38.61  0.45560 
          38.66  0.44731 
          38.71  0.44381 
          38.76  0.44029 
          38.81  0.43675 
          38.86  0.42839 
          38.91  0.42482 
          38.96  0.42125 
          39.01  0.41765 
          39.06  0.40925 
          39.11  0.40564 
          39.16  0.40202 
          39.20  0.39839 
          39.25  0.38998 
          39.30  0.38634 
          39.35  0.38269 
          39.40  0.37904 
          39.45  0.37066 
          39.50  0.36701 
          39.55  0.36335 
          39.60  0.35970 
          39.65  0.35137 
          39.70  0.34773 
          39.75  0.34408 
          39.80  0.34044 
          39.84  0.33221 
          39.89  0.32859 
          39.94  0.32497 
          39.99  0.32136 
          40.04  0.31325 
          40.09  0.30967 
          40.14  0.30609 
          40.19  0.30252 
          40.24  0.29896 
          40.29  0.29104 
          40.34  0.28751 
          40.39  0.28400 
          40.44  0.28051 
          40.49  0.27277 
          40.53  0.26932 
          40.58  0.26588 
          40.63  0.26246 
          40.68  0.25493 
          40.73  0.25157 
          40.78  0.24821 
          40.83  0.24488 
          40.88  0.24156 
          40.93  0.23432 
          40.98  0.23106 
          41.03  0.22783 
          41.08  0.22461 
          41.13  0.21762 
          41.17  0.21447 
          41.22  0.21135 
          41.27  0.20824 
          41.32  0.20516 
          41.37  0.19850 
          41.42  0.19549 
          41.47  0.19250 
          41.52  0.18954 
          41.57  0.18317 
          41.62  0.18028 
          41.67  0.17742 
          41.72  0.17459 
          41.77  0.17178 
          41.81  0.16577 
          41.86  0.16304 
          41.91  0.16034 
          41.96  0.15766 
          42.01  0.15196 
          42.06  0.14937 
          42.11  0.14680 
          42.16  0.14426 
          42.21  0.14175 
          42.26  0.13642 
          42.31  0.13400 
          42.36  0.13160 
          42.41  0.12922 
          42.46  0.12688 
          42.50  0.12193 
          42.55  0.11967 
          42.60  0.11744 
          42.65  0.11523 
          42.70  0.11306 
          42.75  0.10848 
          42.80  0.10639 
          42.85  0.10433 
          42.90  0.10229 
          42.95  0.10028 
          43.00  0.09608 
          43.05  0.09415 
          43.10  0.09226 
          43.14  0.09038 
          43.19  0.08854 
          43.24  0.08470 
          43.29  0.08293 
          43.34  0.08120 
          43.39  0.07949 
          43.44  0.07780 
          43.49  0.07431 
          43.54  0.07271 
          43.59  0.07113 
          43.64  0.06957 
          43.69  0.06804 
          43.74  0.06654 
          43.78  0.06343 
          43.83  0.06200 
          43.88  0.06060 
          43.93  0.05922 
          43.98  0.05786 
          44.03  0.05507 
          44.08  0.05378 
          44.13  0.05252 
          44.18  0.05128 
          44.23  0.05006 
          44.28  0.04886 
          44.33  0.04641 
          44.38  0.04528 
          44.43  0.04418 
          44.47  0.04309 
          44.52  0.04202 
          44.57  0.03984 
          44.62  0.03884 
          44.67  0.03786 
          44.72  0.03689 
          44.77  0.03594 
          44.82  0.03502 
          44.87  0.03313 
          44.92  0.03226 
          44.97  0.03141 
          45.02  0.03058 
          45.07  0.02976 
          45.11  0.02896 
          45.16  0.02734 
          45.21  0.02659 
          45.26  0.02586 
          45.31  0.02514 
          45.36  0.02444 
          45.41  0.02376 
          45.46  0.02237 
          45.51  0.02173 
          45.56  0.02111 
          45.61  0.02050 
          45.66  0.01990 
          45.71  0.01932 
          45.75  0.01815 
          45.80  0.01761 
          45.85  0.01708 
          45.90  0.01656 
          45.95  0.01606 
          46.00  0.01556 
          46.05  0.01458 
          46.10  0.01412 
          46.15  0.01368 
          46.20  0.01324 
          46.25  0.01282 
          46.30  0.01241 
          46.35  0.01158 
          46.40  0.01120 
          46.44  0.01083 
          46.49  0.01047 
          46.54  0.01012 
          46.59  0.00977 
          46.64  0.00944 
          46.69  0.00877 
          46.74  0.00847 
          46.79  0.00817 
          46.84  0.00787 
          46.89  0.00759 
          46.94  0.00731 
          46.99  0.00704 
          47.04  0.00651 
          47.08  0.00626 
          47.13  0.00602 
          47.18  0.00579 
          47.23  0.00556 
          47.28  0.00534 
          47.33  0.00513 
          47.38  0.00471 
          47.43  0.00451 
          47.48  0.00432 
          47.53  0.00414 
          47.58  0.00396 
          47.63  0.00378 
          47.68  0.00361 
          47.73  0.00328 
          47.77  0.00313 
          47.82  0.00298 
          47.87  0.00283 
          47.92  0.00269 
          47.97  0.00256 
          48.02  0.00242 
          48.07  0.00216 
          48.12  0.00204 
          48.17  0.00193 
          48.22  0.00181 
          48.27  0.00170 
          48.32  0.00160 
          48.37  0.00149 
          48.41  0.00139 
          48.46  0.00120 
          48.51  0.00111 
          48.56  0.00102 
          48.61  0.00094 
          48.66  0.00086 
          48.71  0.00078 
          48.76  0.00070 
          48.81  0.00055 
          48.86  0.00048 
          48.91  0.00041 
          48.96  0.00035 
          49.01  0.00029 
          49.05  0.00022 
          49.10  0.00017 
          49.15  0.00011 
          49.20  0.00005 
