A0_0 = 0.5 ;
A0_D = 0.0 ;
A0_N = 1.0 ;
Ee_0 = 0.5 ;
Ee_D = 0.5 ;
Ee_N = 6.0 ;
FWHMe_0 = 10.0 ;
FWHMe_D = 0.0 ;
FWHMe_N = 1.0 ;
LAMBDA_0 = 800.0 ;
LAMBDA_D = 0.0 ;
LAMBDA_N = 1.0 ;
NLCS_ORD = 1.0 ;
THETA01_L = 30.0 ;
THETA02_L = 0.0 ;
           0.00  1.00000 
           0.02  0.99699 
           0.04  0.99400 
           0.07  0.99101 
           0.09  0.98803 
           0.11  0.98506 
           0.13  0.98210 
           0.15  0.97915 
           0.18  0.97621 
           0.20  0.97327 
           0.22  0.97035 
           0.24  0.96743 
           0.27  0.96453 
           0.29  0.96163 
           0.31  0.95874 
           0.33  0.95586 
           0.35  0.95299 
           0.38  0.95012 
           0.40  0.94727 
           0.42  0.94442 
           0.44  0.94159 
           0.46  0.93876 
           0.49  0.93594 
           0.51  0.93313 
           0.53  0.93033 
           0.55  0.92753 
           0.57  0.92475 
           0.60  0.92197 
           0.62  0.91920 
           0.64  0.91645 
           0.66  0.91370 
           0.69  0.91095 
           0.71  0.90822 
           0.73  0.90550 
           0.75  0.90278 
           0.77  0.90008 
           0.80  0.89738 
           0.82  0.89469 
           0.84  0.89201 
           0.86  0.88934 
           0.88  0.88667 
           0.91  0.88402 
           0.93  0.88137 
           0.95  0.87873 
           0.97  0.87610 
           0.99  0.87348 
           1.02  0.87087 
           1.04  0.86826 
           1.06  0.86567 
           1.08  0.86308 
           1.11  0.86050 
           1.13  0.85793 
           1.15  0.85537 
           1.17  0.85282 
           1.19  0.85027 
           1.22  0.84774 
           1.24  0.84521 
           1.26  0.84269 
           1.28  0.84018 
           1.30  0.83768 
           1.33  0.83518 
           1.35  0.83270 
           1.37  0.83022 
           1.39  0.82775 
           1.41  0.82529 
           1.44  0.82284 
           1.46  0.82039 
           1.48  0.81796 
           1.50  0.81553 
           1.53  0.81311 
           1.55  0.81070 
           1.57  0.80830 
           1.59  0.80590 
           1.61  0.80352 
           1.64  0.80114 
           1.66  0.79877 
           1.68  0.79641 
           1.70  0.79405 
           1.72  0.79171 
           1.75  0.78937 
           1.77  0.78704 
           1.79  0.78472 
           1.81  0.78241 
           1.83  0.78011 
           1.86  0.77781 
           1.88  0.77553 
           1.90  0.77325 
           1.92  0.77098 
           1.95  0.76871 
           1.97  0.76646 
           1.99  0.76421 
           2.01  0.76197 
           2.03  0.75974 
           2.06  0.75752 
           2.08  0.75531 
           2.10  0.75310 
           2.12  0.75090 
           2.14  0.74871 
           2.17  0.74653 
           2.19  0.74436 
           2.21  0.74219 
           2.23  0.74003 
           2.25  0.73788 
           2.28  0.73574 
           2.30  0.73361 
           2.32  0.73148 
           2.34  0.72937 
           2.37  0.72726 
           2.39  0.72516 
           2.41  0.72306 
           2.43  0.72098 
           2.45  0.71890 
           2.48  0.71683 
           2.50  0.71477 
           2.52  0.71272 
           2.54  0.71067 
           2.56  0.70863 
           2.59  0.70660 
           2.61  0.70458 
           2.63  0.70257 
           2.65  0.70056 
           2.67  0.69856 
           2.70  0.69657 
           2.72  0.69459 
           2.74  0.69262 
           2.76  0.69065 
           2.79  0.68869 
           2.81  0.68674 
           2.83  0.68480 
           2.85  0.68287 
           2.87  0.68094 
           2.90  0.67902 
           2.92  0.67711 
           2.94  0.67520 
           2.96  0.67331 
           2.98  0.67142 
           3.01  0.66954 
           3.03  0.66767 
           3.05  0.66580 
           3.07  0.66395 
           3.09  0.66210 
           3.12  0.66026 
           3.14  0.65842 
           3.16  0.65660 
           3.18  0.65478 
           3.21  0.65297 
           3.23  0.65117 
           3.25  0.64938 
           3.27  0.64759 
           3.29  0.64581 
           3.32  0.64404 
           3.34  0.64227 
           3.36  0.64052 
           3.38  0.63877 
           3.40  0.63703 
           3.43  0.63530 
           3.45  0.63357 
           3.47  0.63186 
           3.49  0.63015 
           3.51  0.62844 
           3.54  0.62675 
           3.56  0.62506 
           3.58  0.62338 
           3.60  0.62171 
           3.63  0.62005 
           3.65  0.61839 
           3.67  0.61674 
           3.69  0.61510 
           3.71  0.61347 
           3.74  0.61185 
           3.76  0.61023 
           3.78  0.60862 
           3.80  0.60701 
           3.82  0.60542 
           3.85  0.60383 
           3.87  0.60225 
           3.89  0.60068 
           3.91  0.59912 
           3.93  0.59756 
           3.96  0.59601 
           3.98  0.59447 
           4.00  0.59293 
           4.02  0.59141 
           4.05  0.58989 
           4.07  0.58837 
           4.09  0.58687 
           4.11  0.58537 
           4.13  0.58388 
           4.16  0.58240 
           4.18  0.58093 
           4.20  0.57946 
           4.22  0.57800 
           4.24  0.57655 
           4.27  0.57511 
           4.29  0.57367 
           4.31  0.57224 
           4.33  0.57082 
           4.35  0.56941 
           4.38  0.56800 
           4.40  0.56660 
           4.42  0.56521 
           4.44  0.56382 
           4.47  0.56245 
           4.49  0.56108 
           4.51  0.55972 
           4.53  0.55836 
           4.55  0.55701 
           4.58  0.55568 
           4.60  0.55434 
           4.62  0.55302 
           4.64  0.55170 
           4.66  0.55039 
           4.69  0.54909 
           4.71  0.54779 
           4.73  0.54651 
           4.75  0.54523 
           4.77  0.54395 
           4.80  0.54269 
           4.82  0.54143 
           4.84  0.54018 
           4.86  0.53894 
           4.89  0.53770 
           4.91  0.53647 
           4.93  0.53525 
           4.95  0.53404 
           4.97  0.53283 
           5.00  0.53163 
           5.02  0.53044 
           5.04  0.52926 
           5.06  0.52808 
           5.08  0.52691 
           5.11  0.52575 
           5.13  0.52459 
           5.15  0.52344 
           5.17  0.52230 
           5.19  0.52117 
           5.22  0.52005 
           5.24  0.51893 
           5.26  0.51782 
           5.28  0.51671 
           5.30  0.51562 
           5.33  0.51453 
           5.35  0.51345 
           5.37  0.51237 
           5.39  0.51130 
           5.42  0.51024 
           5.44  0.50919 
           5.46  0.50815 
           5.48  0.50711 
           5.50  0.50608 
           5.53  0.50505 
           5.55  0.50404 
           5.57  0.50303 
           5.59  0.50203 
           5.61  0.50103 
           5.64  0.50005 
           5.66  0.49907 
           5.68  0.49810 
           5.70  0.49713 
           5.72  0.49617 
           5.75  0.49522 
           5.77  0.49428 
           5.79  0.49334 
           5.81  0.49241 
           5.84  0.49149 
           5.86  0.49058 
           5.88  0.48967 
           5.90  0.48877 
           5.92  0.48788 
           5.95  0.48699 
           5.97  0.48611 
           5.99  0.48524 
           6.01  0.48438 
           6.03  0.48352 
           6.06  0.48267 
           6.08  0.48183 
           6.10  0.48099 
           6.12  0.48017 
           6.14  0.47935 
           6.17  0.47853 
           6.19  0.47773 
           6.21  0.47693 
           6.23  0.47614 
           6.26  0.47535 
           6.28  0.47457 
           6.30  0.47380 
           6.32  0.47304 
           6.34  0.47228 
           6.37  0.47154 
           6.39  0.47079 
           6.41  0.47006 
           6.43  0.46933 
           6.45  0.46861 
           6.48  0.46790 
           6.50  0.46719 
           6.52  0.46650 
           6.54  0.46581 
           6.56  0.46512 
           6.59  0.46444 
           6.61  0.46377 
           6.63  0.46311 
           6.65  0.46246 
           6.68  0.46181 
           6.70  0.46117 
           6.72  0.46053 
           6.74  0.45991 
           6.76  0.45929 
           6.79  0.45867 
           6.81  0.45807 
           6.83  0.45747 
           6.85  0.45688 
           6.87  0.45630 
           6.90  0.45572 
           6.92  0.45515 
           6.94  0.45459 
           6.96  0.45403 
           6.98  0.45348 
           7.01  0.45294 
           7.03  0.45241 
           7.05  0.45188 
           7.07  0.45136 
           7.10  0.45085 
           7.12  0.45035 
           7.14  0.44985 
           7.16  0.44936 
           7.18  0.44887 
           7.21  0.44840 
           7.23  0.44793 
           7.25  0.44746 
           7.27  0.44701 
           7.29  0.44656 
           7.32  0.44612 
           7.34  0.44569 
           7.36  0.44526 
           7.38  0.44484 
           7.40  0.44443 
           7.43  0.44402 
           7.45  0.44362 
           7.47  0.44323 
           7.49  0.44285 
           7.52  0.44247 
           7.54  0.44210 
           7.56  0.44174 
           7.58  0.44138 
           7.60  0.44104 
           7.63  0.44069 
           7.65  0.44036 
           7.67  0.44003 
           7.69  0.43971 
           7.71  0.43940 
           7.74  0.43910 
           7.76  0.43880 
           7.78  0.43851 
           7.80  0.43822 
           7.82  0.43794 
           7.85  0.43767 
           7.87  0.43741 
           7.89  0.43716 
           7.91  0.43691 
           7.94  0.43666 
           7.96  0.43643 
           7.98  0.43620 
           8.00  0.43598 
           8.02  0.43577 
           8.05  0.43556 
           8.07  0.43537 
           8.09  0.43517 
           8.11  0.43499 
           8.13  0.43481 
           8.16  0.43464 
           8.18  0.43448 
           8.20  0.43432 
           8.22  0.43417 
           8.24  0.43403 
           8.27  0.43390 
           8.29  0.43377 
           8.31  0.43365 
           8.33  0.43354 
           8.36  0.43343 
           8.38  0.43333 
           8.40  0.43324 
           8.42  0.43315 
           8.44  0.43308 
           8.47  0.43301 
           8.49  0.43294 
           8.51  0.43289 
           8.53  0.43284 
           8.55  0.43279 
           8.58  0.43276 
           8.60  0.43273 
           8.62  0.43271 
           8.64  0.43270 
           8.66  0.43269 
           8.69  0.43269 
           8.71  0.43270 
           8.73  0.43272 
           8.75  0.43274 
           8.78  0.43277 
           8.80  0.43280 
           8.82  0.43285 
           8.84  0.43290 
           8.86  0.43296 
           8.89  0.43302 
           8.91  0.43310 
           8.93  0.43317 
           8.95  0.43326 
           8.97  0.43336 
           9.00  0.43346 
           9.02  0.43356 
           9.04  0.43368 
           9.06  0.43380 
           9.08  0.43393 
           9.11  0.43407 
           9.13  0.43421 
           9.15  0.43436 
           9.17  0.43452 
           9.20  0.43469 
           9.22  0.43486 
           9.24  0.43504 
           9.26  0.43523 
           9.28  0.43542 
           9.31  0.43562 
           9.33  0.43583 
           9.35  0.43605 
           9.37  0.43627 
           9.39  0.43650 
           9.42  0.43674 
           9.44  0.43698 
           9.46  0.43724 
           9.48  0.43749 
           9.50  0.43776 
           9.53  0.43803 
           9.55  0.43831 
           9.57  0.43860 
           9.59  0.43890 
           9.62  0.43920 
           9.64  0.43951 
           9.66  0.43983 
           9.68  0.44015 
           9.70  0.44048 
           9.73  0.44082 
           9.75  0.44117 
           9.77  0.44152 
           9.79  0.44188 
           9.81  0.44225 
           9.84  0.44262 
           9.86  0.44300 
           9.88  0.44339 
           9.90  0.44379 
           9.92  0.44419 
           9.95  0.44460 
           9.97  0.44502 
           9.99  0.44545 
          10.01  0.44588 
          10.04  0.44632 
          10.06  0.44677 
          10.08  0.44722 
          10.10  0.44768 
          10.12  0.44815 
          10.15  0.44863 
          10.17  0.44911 
          10.19  0.44960 
          10.21  0.45010 
          10.23  0.45061 
          10.26  0.45112 
          10.28  0.45164 
          10.30  0.45217 
          10.32  0.45270 
          10.34  0.45324 
          10.37  0.45379 
          10.39  0.45435 
          10.41  0.45491 
          10.43  0.45548 
          10.46  0.45606 
          10.48  0.45665 
          10.50  0.45724 
          10.52  0.45784 
          10.54  0.45845 
          10.57  0.45907 
          10.59  0.45969 
          10.61  0.46032 
          10.63  0.46096 
          10.65  0.46160 
          10.68  0.46225 
          10.70  0.46291 
          10.72  0.46358 
          10.74  0.46425 
          10.76  0.46493 
          10.79  0.46562 
          10.81  0.46632 
          10.83  0.46702 
          10.85  0.46774 
          10.88  0.46845 
          10.90  0.46918 
          10.92  0.46991 
          10.94  0.47065 
          10.96  0.47140 
          10.99  0.47216 
          11.01  0.47292 
          11.03  0.47369 
          11.05  0.47447 
          11.07  0.47525 
          11.10  0.47605 
          11.12  0.47685 
          11.14  0.47766 
          11.16  0.47847 
          11.18  0.47929 
          11.21  0.48012 
          11.23  0.48096 
          11.25  0.48181 
          11.27  0.48266 
          11.30  0.48352 
          11.32  0.48439 
          11.34  0.48526 
          11.36  0.48614 
          11.38  0.48703 
          11.41  0.48793 
          11.43  0.48884 
          11.45  0.48975 
          11.47  0.49067 
          11.49  0.49160 
          11.52  0.49253 
          11.54  0.49348 
          11.56  0.49443 
          11.58  0.49538 
          11.60  0.49635 
          11.63  0.49732 
          11.65  0.49830 
          11.67  0.49929 
          11.69  0.50029 
          11.72  0.50129 
          11.74  0.50230 
          11.76  0.50332 
          11.78  0.50434 
          11.80  0.50538 
          11.83  0.50642 
          11.85  0.50747 
          11.87  0.50852 
          11.89  0.50959 
          11.91  0.51066 
          11.94  0.51174 
          11.96  0.51283 
          11.98  0.51392 
          12.00  0.51502 
          12.02  0.51613 
          12.05  0.51725 
          12.07  0.51838 
          12.09  0.51951 
          12.11  0.52065 
          12.14  0.52180 
          12.16  0.52296 
          12.18  0.52412 
          12.20  0.52529 
          12.22  0.52647 
          12.25  0.52766 
          12.27  0.52885 
          12.29  0.53005 
          12.31  0.53126 
          12.33  0.53248 
          12.36  0.53371 
          12.38  0.53494 
          12.40  0.53618 
          12.42  0.53743 
          12.44  0.53869 
          12.47  0.53995 
          12.49  0.54122 
          12.51  0.54250 
          12.53  0.54379 
          12.56  0.54509 
          12.58  0.54639 
          12.60  0.54770 
          12.62  0.54902 
          12.64  0.55035 
          12.67  0.55168 
          12.69  0.55303 
          12.71  0.55438 
          12.73  0.55574 
          12.75  0.55710 
          12.78  0.55848 
          12.80  0.55986 
          12.82  0.56125 
          12.84  0.56265 
          12.86  0.56405 
          12.89  0.56547 
          12.91  0.56689 
          12.93  0.56832 
          12.95  0.56975 
          12.98  0.57120 
          13.00  0.57265 
          13.02  0.57412 
          13.04  0.57558 
          13.06  0.57706 
          13.09  0.57855 
          13.11  0.58004 
          13.13  0.58154 
          13.15  0.58305 
          13.17  0.58457 
          13.20  0.58609 
          13.22  0.58763 
          13.24  0.58917 
          13.26  0.59072 
          13.28  0.59228 
          13.31  0.59373 
          13.33  0.59525 
          13.35  0.59671 
          13.37  0.59823 
          13.40  0.59976 
          13.42  0.60123 
          13.44  0.60276 
          13.46  0.60423 
          13.48  0.60577 
          13.51  0.60724 
          13.53  0.60879 
          13.55  0.61034 
          13.57  0.61181 
          13.59  0.61337 
          13.62  0.61482 
          13.64  0.61639 
          13.66  0.61796 
          13.68  0.61941 
          13.70  0.62098 
          13.73  0.62241 
          13.75  0.62399 
          13.77  0.62541 
          13.79  0.62699 
          13.82  0.62857 
          13.84  0.62997 
          13.86  0.63155 
          13.88  0.63293 
          13.90  0.63451 
          13.93  0.63608 
          13.95  0.63744 
          13.97  0.63901 
          13.99  0.64035 
          14.01  0.64191 
          14.04  0.64347 
          14.06  0.64477 
          14.08  0.64632 
          14.10  0.64759 
          14.12  0.64913 
          14.15  0.65067 
          14.17  0.65189 
          14.19  0.65342 
          14.21  0.65494 
          14.24  0.65611 
          14.26  0.65761 
          14.28  0.65873 
          14.30  0.66022 
          14.32  0.66170 
          14.35  0.66275 
          14.37  0.66421 
          14.39  0.66520 
          14.41  0.66664 
          14.43  0.66807 
          14.46  0.66898 
          14.48  0.67038 
          14.50  0.67178 
          14.52  0.67259 
          14.54  0.67396 
          14.57  0.67470 
          14.59  0.67603 
          14.61  0.67735 
          14.63  0.67798 
          14.66  0.67926 
          14.68  0.68053 
          14.70  0.68104 
          14.72  0.68226 
          14.74  0.68348 
          14.77  0.68386 
          14.79  0.68503 
          14.81  0.68530 
          14.83  0.68642 
          14.85  0.68752 
          14.88  0.68765 
          14.90  0.68870 
          14.92  0.68972 
          14.94  0.68969 
          14.96  0.69066 
          14.99  0.69161 
          15.01  0.69141 
          15.03  0.69230 
          15.05  0.69317 
          15.07  0.69278 
          15.10  0.69358 
          15.12  0.69436 
          15.14  0.69378 
          15.16  0.69448 
          15.19  0.69516 
          15.21  0.69438 
          15.23  0.69498 
          15.25  0.69556 
          15.27  0.69456 
          15.30  0.69506 
          15.32  0.69552 
          15.34  0.69430 
          15.36  0.69468 
          15.38  0.69503 
          15.41  0.69357 
          15.43  0.69383 
          15.45  0.69406 
          15.47  0.69236 
          15.49  0.69249 
          15.52  0.69259 
          15.54  0.69063 
          15.56  0.69063 
          15.58  0.69060 
          15.61  0.68838 
          15.63  0.68824 
          15.65  0.68807 
          15.67  0.68558 
          15.69  0.68530 
          15.72  0.68499 
          15.74  0.68222 
          15.76  0.68180 
          15.78  0.68134 
          15.80  0.67828 
          15.83  0.67771 
          15.85  0.67710 
          15.87  0.67375 
          15.89  0.67302 
          15.91  0.67226 
          15.94  0.66862 
          15.96  0.66774 
          15.98  0.66682 
          16.00  0.66586 
          16.03  0.66184 
          16.05  0.66076 
          16.07  0.65964 
          16.09  0.65533 
          16.11  0.65409 
          16.14  0.65281 
          16.16  0.64820 
          16.18  0.64680 
          16.20  0.64536 
          16.22  0.64388 
          16.25  0.63889 
          16.27  0.63729 
          16.29  0.63565 
          16.31  0.63037 
          16.33  0.62861 
          16.36  0.62681 
          16.38  0.62124 
          16.40  0.61933 
          16.42  0.61737 
          16.45  0.61537 
          16.47  0.60945 
          16.49  0.60734 
          16.51  0.60519 
          16.53  0.59900 
          16.56  0.59674 
          16.58  0.59444 
          16.60  0.59210 
          16.62  0.58558 
          16.64  0.58313 
          16.67  0.58065 
          16.69  0.57389 
          16.71  0.57130 
          16.73  0.56868 
          16.75  0.56603 
          16.78  0.55897 
          16.80  0.55621 
          16.82  0.55343 
          16.84  0.55061 
          16.87  0.54328 
          16.89  0.54037 
          16.91  0.53743 
          16.93  0.52991 
          16.95  0.52688 
          16.98  0.52383 
          17.00  0.52075 
          17.02  0.51300 
          17.04  0.50984 
          17.06  0.50666 
          17.09  0.50345 
          17.11  0.49551 
          17.13  0.49223 
          17.15  0.48893 
          17.17  0.48086 
          17.20  0.47750 
          17.22  0.47412 
          17.24  0.47072 
          17.26  0.46251 
          17.29  0.45906 
          17.31  0.45559 
          17.33  0.45210 
          17.35  0.44379 
          17.37  0.44027 
          17.40  0.43672 
          17.42  0.43317 
          17.44  0.42479 
          17.46  0.42120 
          17.48  0.41761 
          17.51  0.41400 
          17.53  0.40558 
          17.55  0.40196 
          17.57  0.39832 
          17.59  0.39468 
          17.62  0.38627 
          17.64  0.38261 
          17.66  0.37896 
          17.68  0.37530 
          17.71  0.36692 
          17.73  0.36326 
          17.75  0.35960 
          17.77  0.35594 
          17.79  0.34763 
          17.82  0.34398 
          17.84  0.34034 
          17.86  0.33669 
          17.88  0.32848 
          17.90  0.32486 
          17.93  0.32124 
          17.95  0.31763 
          17.97  0.31402 
          17.99  0.30597 
          18.01  0.30240 
          18.04  0.29883 
          18.06  0.29528 
          18.08  0.28739 
          18.10  0.28388 
          18.13  0.28037 
          18.15  0.27689 
          18.17  0.26919 
          18.19  0.26575 
          18.21  0.26232 
          18.24  0.25891 
          18.26  0.25552 
          18.28  0.24808 
          18.30  0.24474 
          18.32  0.24142 
          18.35  0.23812 
          18.37  0.23092 
          18.39  0.22769 
          18.41  0.22447 
          18.43  0.22127 
          18.46  0.21809 
          18.48  0.21121 
          18.50  0.20810 
          18.52  0.20502 
          18.55  0.20195 
          18.57  0.19535 
          18.59  0.19236 
          18.61  0.18940 
          18.63  0.18646 
          18.66  0.18354 
          18.68  0.17729 
          18.70  0.17445 
          18.72  0.17164 
          18.74  0.16885 
          18.77  0.16609 
          18.79  0.16020 
          18.81  0.15753 
          18.83  0.15487 
          18.85  0.15225 
          18.88  0.14965 
          18.90  0.14413 
          18.92  0.14162 
          18.94  0.13913 
          18.97  0.13667 
          18.99  0.13424 
          19.01  0.12910 
          19.03  0.12676 
          19.05  0.12444 
          19.08  0.12214 
          19.10  0.11988 
          19.12  0.11512 
          19.14  0.11294 
          19.16  0.11079 
          19.19  0.10867 
          19.21  0.10657 
          19.23  0.10218 
          19.25  0.10017 
          19.27  0.09819 
          19.30  0.09624 
          19.32  0.09431 
          19.34  0.09028 
          19.36  0.08844 
          19.39  0.08662 
          19.41  0.08483 
          19.43  0.08306 
          19.45  0.07940 
          19.47  0.07771 
          19.50  0.07605 
          19.52  0.07442 
          19.54  0.07281 
          19.56  0.07123 
          19.58  0.06796 
          19.61  0.06645 
          19.63  0.06498 
          19.65  0.06352 
          19.67  0.06209 
          19.69  0.05914 
          19.72  0.05778 
          19.74  0.05645 
          19.76  0.05514 
          19.78  0.05385 
          19.81  0.05259 
          19.83  0.04999 
          19.85  0.04880 
          19.87  0.04762 
          19.89  0.04647 
          19.92  0.04534 
          19.94  0.04303 
          19.96  0.04196 
          19.98  0.04092 
          20.00  0.03989 
          20.03  0.03889 
          20.05  0.03790 
          20.07  0.03589 
          20.09  0.03497 
          20.11  0.03406 
          20.14  0.03317 
          20.16  0.03230 
          20.18  0.03144 
          20.20  0.02971 
          20.23  0.02891 
          20.25  0.02813 
          20.27  0.02737 
          20.29  0.02662 
          20.31  0.02588 
          20.34  0.02440 
          20.36  0.02372 
          20.38  0.02305 
          20.40  0.02239 
          20.42  0.02175 
          20.45  0.02113 
          20.47  0.01987 
          20.49  0.01929 
          20.51  0.01872 
          20.53  0.01816 
          20.56  0.01762 
          20.58  0.01709 
          20.60  0.01657 
          20.62  0.01554 
          20.65  0.01506 
          20.67  0.01459 
          20.69  0.01413 
          20.71  0.01369 
          20.73  0.01325 
          20.76  0.01238 
          20.78  0.01198 
          20.80  0.01159 
          20.82  0.01121 
          20.84  0.01084 
          20.87  0.01048 
          20.89  0.01012 
          20.91  0.00942 
          20.93  0.00910 
          20.95  0.00878 
          20.98  0.00847 
          21.00  0.00817 
          21.02  0.00788 
          21.04  0.00759 
          21.07  0.00703 
          21.09  0.00677 
          21.11  0.00651 
          21.13  0.00627 
          21.15  0.00603 
          21.18  0.00579 
          21.20  0.00557 
          21.22  0.00512 
          21.24  0.00491 
          21.26  0.00471 
          21.29  0.00451 
          21.31  0.00432 
          21.33  0.00414 
          21.35  0.00396 
          21.37  0.00361 
          21.40  0.00344 
          21.42  0.00328 
          21.44  0.00313 
          21.46  0.00298 
          21.49  0.00283 
          21.51  0.00269 
          21.53  0.00256 
          21.55  0.00229 
          21.57  0.00216 
          21.60  0.00204 
          21.62  0.00193 
          21.64  0.00181 
          21.66  0.00170 
          21.68  0.00160 
          21.71  0.00149 
          21.73  0.00129 
          21.75  0.00120 
          21.77  0.00111 
          21.79  0.00102 
          21.82  0.00094 
          21.84  0.00086 
          21.86  0.00078 
          21.88  0.00070 
          21.91  0.00055 
          21.93  0.00048 
          21.95  0.00041 
          21.97  0.00035 
          21.99  0.00029 
          22.02  0.00022 
          22.04  0.00017 
          22.06  0.00011 
          22.08  0.00005 
