A0_0 = 0.5 ;
A0_D = 0.0 ;
A0_N = 1.0 ;
Ee_0 = 0.5 ;
Ee_D = 0.5 ;
Ee_N = 6.0 ;
FWHMe_0 = 10.0 ;
FWHMe_D = 0.0 ;
FWHMe_N = 1.0 ;
LAMBDA_0 = 800.0 ;
LAMBDA_D = 0.0 ;
LAMBDA_N = 1.0 ;
NLCS_ORD = 1.0 ;
THETA01_L = 30.0 ;
THETA02_L = 0.0 ;
           0.00  1.00000 
           0.13  0.99708 
           0.27  0.99417 
           0.40  0.99127 
           0.54  0.98837 
           0.67  0.98548 
           0.81  0.98261 
           0.94  0.97974 
           1.07  0.97687 
           1.21  0.97402 
           1.34  0.97117 
           1.48  0.96834 
           1.61  0.96551 
           1.74  0.96269 
           1.88  0.95987 
           2.01  0.95707 
           2.15  0.95427 
           2.28  0.95148 
           2.42  0.94870 
           2.55  0.94593 
           2.68  0.94317 
           2.82  0.94041 
           2.95  0.93766 
           3.09  0.93492 
           3.22  0.93219 
           3.36  0.92947 
           3.49  0.92675 
           3.62  0.92405 
           3.76  0.92135 
           3.89  0.91866 
           4.03  0.91597 
           4.16  0.91330 
           4.29  0.91063 
           4.43  0.90797 
           4.56  0.90532 
           4.70  0.90268 
           4.83  0.90004 
           4.97  0.89741 
           5.10  0.89480 
           5.23  0.89218 
           5.37  0.88958 
           5.50  0.88699 
           5.64  0.88440 
           5.77  0.88182 
           5.91  0.87925 
           6.04  0.87668 
           6.17  0.87413 
           6.31  0.87158 
           6.44  0.86904 
           6.58  0.86651 
           6.71  0.86399 
           6.84  0.86147 
           6.98  0.85896 
           7.11  0.85646 
           7.25  0.85397 
           7.38  0.85148 
           7.52  0.84901 
           7.65  0.84654 
           7.78  0.84408 
           7.92  0.84162 
           8.05  0.83918 
           8.19  0.83674 
           8.32  0.83431 
           8.46  0.83189 
           8.59  0.82948 
           8.72  0.82707 
           8.86  0.82467 
           8.99  0.82228 
           9.13  0.81990 
           9.26  0.81752 
           9.39  0.81516 
           9.53  0.81280 
           9.66  0.81044 
           9.80  0.80810 
           9.93  0.80576 
          10.07  0.80343 
          10.20  0.80111 
          10.33  0.79880 
          10.47  0.79650 
          10.60  0.79420 
          10.74  0.79191 
          10.87  0.78963 
          11.01  0.78735 
          11.14  0.78508 
          11.27  0.78282 
          11.41  0.78057 
          11.54  0.77833 
          11.68  0.77609 
          11.81  0.77386 
          11.94  0.77164 
          12.08  0.76943 
          12.21  0.76722 
          12.35  0.76503 
          12.48  0.76284 
          12.62  0.76065 
          12.75  0.75848 
          12.88  0.75631 
          13.02  0.75415 
          13.15  0.75200 
          13.29  0.74985 
          13.42  0.74772 
          13.55  0.74559 
          13.69  0.74347 
          13.82  0.74135 
          13.96  0.73924 
          14.09  0.73715 
          14.23  0.73505 
          14.36  0.73297 
          14.49  0.73089 
          14.63  0.72882 
          14.76  0.72676 
          14.90  0.72471 
          15.03  0.72266 
          15.17  0.72062 
          15.30  0.71859 
          15.43  0.71657 
          15.57  0.71455 
          15.70  0.71254 
          15.84  0.71054 
          15.97  0.70855 
          16.10  0.70656 
          16.24  0.70458 
          16.37  0.70261 
          16.51  0.70065 
          16.64  0.69869 
          16.78  0.69674 
          16.91  0.69480 
          17.04  0.69286 
          17.18  0.69094 
          17.31  0.68902 
          17.45  0.68711 
          17.58  0.68520 
          17.72  0.68331 
          17.85  0.68142 
          17.98  0.67953 
          18.12  0.67766 
          18.25  0.67579 
          18.39  0.67393 
          18.52  0.67208 
          18.65  0.67023 
          18.79  0.66840 
          18.92  0.66657 
          19.06  0.66474 
          19.19  0.66293 
          19.33  0.66112 
          19.46  0.65932 
          19.59  0.65752 
          19.73  0.65574 
          19.86  0.65396 
          20.00  0.65219 
          20.13  0.65042 
          20.27  0.64867 
          20.40  0.64692 
          20.53  0.64518 
          20.67  0.64344 
          20.80  0.64171 
          20.94  0.63999 
          21.07  0.63828 
          21.20  0.63658 
          21.34  0.63488 
          21.47  0.63319 
          21.61  0.63150 
          21.74  0.62983 
          21.88  0.62816 
          22.01  0.62650 
          22.14  0.62484 
          22.28  0.62319 
          22.41  0.62155 
          22.55  0.61992 
          22.68  0.61830 
          22.82  0.61668 
          22.95  0.61507 
          23.08  0.61346 
          23.22  0.61187 
          23.35  0.61028 
          23.49  0.60870 
          23.62  0.60712 
          23.75  0.60555 
          23.89  0.60399 
          24.02  0.60244 
          24.16  0.60090 
          24.29  0.59936 
          24.43  0.59783 
          24.56  0.59630 
          24.69  0.59479 
          24.83  0.59328 
          24.96  0.59177 
          25.10  0.59028 
          25.23  0.58879 
          25.37  0.58731 
          25.50  0.58584 
          25.63  0.58437 
          25.77  0.58291 
          25.90  0.58146 
          26.04  0.58001 
          26.17  0.57858 
          26.30  0.57715 
          26.44  0.57572 
          26.57  0.57431 
          26.71  0.57290 
          26.84  0.57150 
          26.98  0.57010 
          27.11  0.56871 
          27.24  0.56733 
          27.38  0.56596 
          27.51  0.56459 
          27.65  0.56324 
          27.78  0.56188 
          27.92  0.56054 
          28.05  0.55920 
          28.18  0.55787 
          28.32  0.55655 
          28.45  0.55523 
          28.59  0.55392 
          28.72  0.55262 
          28.85  0.55133 
          28.99  0.55004 
          29.12  0.54876 
          29.26  0.54749 
          29.39  0.54622 
          29.53  0.54496 
          29.66  0.54371 
          29.79  0.54246 
          29.93  0.54123 
          30.06  0.54000 
          30.20  0.53877 
          30.33  0.53756 
          30.47  0.53635 
          30.60  0.53514 
          30.73  0.53395 
          30.87  0.53276 
          31.00  0.53158 
          31.14  0.53041 
          31.27  0.52924 
          31.40  0.52808 
          31.54  0.52693 
          31.67  0.52578 
          31.81  0.52464 
          31.94  0.52351 
          32.08  0.52239 
          32.21  0.52127 
          32.34  0.52016 
          32.48  0.51906 
          32.61  0.51796 
          32.75  0.51687 
          32.88  0.51579 
          33.02  0.51471 
          33.15  0.51365 
          33.28  0.51258 
          33.42  0.51153 
          33.55  0.51048 
          33.69  0.50944 
          33.82  0.50841 
          33.95  0.50739 
          34.09  0.50637 
          34.22  0.50536 
          34.36  0.50435 
          34.49  0.50335 
          34.63  0.50236 
          34.76  0.50138 
          34.89  0.50040 
          35.03  0.49943 
          35.16  0.49847 
          35.30  0.49752 
          35.43  0.49657 
          35.56  0.49563 
          35.70  0.49469 
          35.83  0.49376 
          35.97  0.49284 
          36.10  0.49193 
          36.24  0.49103 
          36.37  0.49013 
          36.50  0.48923 
          36.64  0.48835 
          36.77  0.48747 
          36.91  0.48660 
          37.04  0.48574 
          37.18  0.48488 
          37.31  0.48403 
          37.44  0.48319 
          37.58  0.48235 
          37.71  0.48152 
          37.85  0.48070 
          37.98  0.47988 
          38.11  0.47908 
          38.25  0.47827 
          38.38  0.47748 
          38.52  0.47669 
          38.65  0.47591 
          38.79  0.47514 
          38.92  0.47437 
          39.05  0.47362 
          39.19  0.47286 
          39.32  0.47212 
          39.46  0.47138 
          39.59  0.47065 
          39.73  0.46993 
          39.86  0.46921 
          39.99  0.46850 
          40.13  0.46780 
          40.26  0.46710 
          40.40  0.46641 
          40.53  0.46573 
          40.66  0.46505 
          40.80  0.46439 
          40.93  0.46373 
          41.07  0.46307 
          41.20  0.46242 
          41.34  0.46178 
          41.47  0.46115 
          41.60  0.46053 
          41.74  0.45991 
          41.87  0.45929 
          42.01  0.45869 
          42.14  0.45809 
          42.28  0.45750 
          42.41  0.45692 
          42.54  0.45634 
          42.68  0.45577 
          42.81  0.45521 
          42.95  0.45465 
          43.08  0.45410 
          43.21  0.45356 
          43.35  0.45302 
          43.48  0.45250 
          43.62  0.45198 
          43.75  0.45146 
          43.89  0.45095 
          44.02  0.45045 
          44.15  0.44996 
          44.29  0.44947 
          44.42  0.44900 
          44.56  0.44852 
          44.69  0.44806 
          44.83  0.44760 
          44.96  0.44715 
          45.09  0.44671 
          45.23  0.44627 
          45.36  0.44584 
          45.50  0.44542 
          45.63  0.44500 
          45.76  0.44459 
          45.90  0.44419 
          46.03  0.44379 
          46.17  0.44341 
          46.30  0.44302 
          46.44  0.44265 
          46.57  0.44228 
          46.70  0.44192 
          46.84  0.44157 
          46.97  0.44123 
          47.11  0.44089 
          47.24  0.44055 
          47.38  0.44023 
          47.51  0.43991 
          47.64  0.43960 
          47.78  0.43930 
          47.91  0.43900 
          48.05  0.43871 
          48.18  0.43843 
          48.31  0.43815 
          48.45  0.43788 
          48.58  0.43762 
          48.72  0.43737 
          48.85  0.43712 
          48.99  0.43688 
          49.12  0.43665 
          49.25  0.43642 
          49.39  0.43620 
          49.52  0.43599 
          49.66  0.43578 
          49.79  0.43559 
          49.93  0.43539 
          50.06  0.43521 
          50.19  0.43503 
          50.33  0.43486 
          50.46  0.43470 
          50.60  0.43454 
          50.73  0.43440 
          50.86  0.43425 
          51.00  0.43412 
          51.13  0.43399 
          51.27  0.43387 
          51.40  0.43376 
          51.54  0.43365 
          51.67  0.43355 
          51.80  0.43346 
          51.94  0.43337 
          52.07  0.43330 
          52.21  0.43322 
          52.34  0.43316 
          52.48  0.43310 
          52.61  0.43305 
          52.74  0.43301 
          52.88  0.43298 
          53.01  0.43295 
          53.15  0.43293 
          53.28  0.43291 
          53.41  0.43290 
          53.55  0.43290 
          53.68  0.43291 
          53.82  0.43292 
          53.95  0.43295 
          54.09  0.43297 
          54.22  0.43301 
          54.35  0.43305 
          54.49  0.43310 
          54.62  0.43316 
          54.76  0.43322 
          54.89  0.43329 
          55.03  0.43337 
          55.16  0.43346 
          55.29  0.43355 
          55.43  0.43365 
          55.56  0.43376 
          55.70  0.43387 
          55.83  0.43399 
          55.96  0.43412 
          56.10  0.43425 
          56.23  0.43440 
          56.37  0.43455 
          56.50  0.43470 
          56.64  0.43487 
          56.77  0.43504 
          56.90  0.43522 
          57.04  0.43540 
          57.17  0.43560 
          57.31  0.43580 
          57.44  0.43600 
          57.57  0.43622 
          57.71  0.43644 
          57.84  0.43667 
          57.98  0.43690 
          58.11  0.43715 
          58.25  0.43740 
          58.38  0.43765 
          58.51  0.43792 
          58.65  0.43819 
          58.78  0.43847 
          58.92  0.43876 
          59.05  0.43905 
          59.19  0.43935 
          59.32  0.43966 
          59.45  0.43998 
          59.59  0.44030 
          59.72  0.44063 
          59.86  0.44097 
          59.99  0.44131 
          60.12  0.44166 
          60.26  0.44202 
          60.39  0.44239 
          60.53  0.44276 
          60.66  0.44314 
          60.80  0.44353 
          60.93  0.44392 
          61.06  0.44433 
          61.20  0.44474 
          61.33  0.44515 
          61.47  0.44558 
          61.60  0.44601 
          61.74  0.44645 
          61.87  0.44690 
          62.00  0.44735 
          62.14  0.44781 
          62.27  0.44828 
          62.41  0.44876 
          62.54  0.44924 
          62.67  0.44973 
          62.81  0.45023 
          62.94  0.45073 
          63.08  0.45125 
          63.21  0.45177 
          63.35  0.45229 
          63.48  0.45283 
          63.61  0.45337 
          63.75  0.45392 
          63.88  0.45448 
          64.02  0.45504 
          64.15  0.45561 
          64.29  0.45619 
          64.42  0.45678 
          64.55  0.45737 
          64.69  0.45797 
          64.82  0.45858 
          64.96  0.45920 
          65.09  0.45982 
          65.22  0.46045 
          65.36  0.46109 
          65.49  0.46174 
          65.63  0.46239 
          65.76  0.46305 
          65.90  0.46372 
          66.03  0.46440 
          66.16  0.46508 
          66.30  0.46577 
          66.43  0.46647 
          66.57  0.46717 
          66.70  0.46789 
          66.84  0.46861 
          66.97  0.46934 
          67.10  0.47007 
          67.24  0.47082 
          67.37  0.47157 
          67.51  0.47233 
          67.64  0.47309 
          67.77  0.47386 
          67.91  0.47465 
          68.04  0.47543 
          68.18  0.47623 
          68.31  0.47703 
          68.45  0.47785 
          68.58  0.47866 
          68.71  0.47949 
          68.85  0.48033 
          68.98  0.48117 
          69.12  0.48202 
          69.25  0.48287 
          69.39  0.48374 
          69.52  0.48461 
          69.65  0.48549 
          69.79  0.48638 
          69.92  0.48727 
          70.06  0.48818 
          70.19  0.48909 
          70.32  0.49000 
          70.46  0.49093 
          70.59  0.49186 
          70.73  0.49280 
          70.86  0.49375 
          71.00  0.49471 
          71.13  0.49567 
          71.26  0.49665 
          71.40  0.49763 
          71.53  0.49861 
          71.67  0.49961 
          71.80  0.50061 
          71.94  0.50162 
          72.07  0.50264 
          72.20  0.50367 
          72.34  0.50470 
          72.47  0.50574 
          72.61  0.50679 
          72.74  0.50785 
          72.87  0.50891 
          73.01  0.50999 
          73.14  0.51107 
          73.28  0.51216 
          73.41  0.51325 
          73.55  0.51436 
          73.68  0.51547 
          73.81  0.51659 
          73.95  0.51772 
          74.08  0.51885 
          74.22  0.52000 
          74.35  0.52115 
          74.49  0.52231 
          74.62  0.52347 
          74.75  0.52465 
          74.89  0.52583 
          75.02  0.52702 
          75.16  0.52822 
          75.29  0.52943 
          75.42  0.53064 
          75.56  0.53187 
          75.69  0.53310 
          75.83  0.53433 
          75.96  0.53558 
          76.10  0.53684 
          76.23  0.53810 
          76.36  0.53937 
          76.50  0.54065 
          76.63  0.54193 
          76.77  0.54323 
          76.90  0.54453 
          77.04  0.54584 
          77.17  0.54716 
          77.30  0.54849 
          77.44  0.54982 
          77.57  0.55117 
          77.71  0.55252 
          77.84  0.55388 
          77.97  0.55524 
          78.11  0.55662 
          78.24  0.55800 
          78.38  0.55939 
          78.51  0.56079 
          78.65  0.56220 
          78.78  0.56362 
          78.91  0.56504 
          79.05  0.56647 
          79.18  0.56791 
          79.32  0.56936 
          79.45  0.57082 
          79.59  0.57228 
          79.72  0.57376 
          79.85  0.57524 
          79.99  0.57673 
          80.12  0.57823 
          80.26  0.57973 
          80.39  0.58125 
          80.52  0.58277 
          80.66  0.58430 
          80.79  0.58584 
          80.93  0.58739 
          81.06  0.58895 
          81.20  0.59046 
          81.33  0.59197 
          81.46  0.59350 
          81.60  0.59496 
          81.73  0.59650 
          81.87  0.59797 
          82.00  0.59951 
          82.13  0.60098 
          82.27  0.60253 
          82.40  0.60408 
          82.54  0.60555 
          82.67  0.60712 
          82.81  0.60859 
          82.94  0.61015 
          83.07  0.61162 
          83.21  0.61319 
          83.34  0.61477 
          83.48  0.61623 
          83.61  0.61781 
          83.75  0.61926 
          83.88  0.62084 
          84.01  0.62228 
          84.15  0.62387 
          84.28  0.62546 
          84.42  0.62688 
          84.55  0.62847 
          84.68  0.62987 
          84.82  0.63146 
          84.95  0.63305 
          85.09  0.63443 
          85.22  0.63601 
          85.36  0.63737 
          85.49  0.63895 
          85.62  0.64052 
          85.76  0.64185 
          85.89  0.64342 
          86.03  0.64471 
          86.16  0.64627 
          86.30  0.64783 
          86.43  0.64908 
          86.56  0.65063 
          86.70  0.65183 
          86.83  0.65336 
          86.97  0.65490 
          87.10  0.65604 
          87.23  0.65756 
          87.37  0.65866 
          87.50  0.66015 
          87.64  0.66164 
          87.77  0.66266 
          87.91  0.66413 
          88.04  0.66510 
          88.17  0.66654 
          88.31  0.66797 
          88.44  0.66885 
          88.58  0.67025 
          88.71  0.67165 
          88.85  0.67243 
          88.98  0.67380 
          89.11  0.67450 
          89.25  0.67583 
          89.38  0.67714 
          89.52  0.67774 
          89.65  0.67901 
          89.78  0.68028 
          89.92  0.68074 
          90.05  0.68196 
          90.19  0.68233 
          90.32  0.68350 
          90.46  0.68466 
          90.59  0.68489 
          90.72  0.68599 
          90.86  0.68708 
          90.99  0.68716 
          91.13  0.68819 
          91.26  0.68920 
          91.40  0.68911 
          91.53  0.69007 
          91.66  0.68985 
          91.80  0.69074 
          91.93  0.69160 
          92.07  0.69120 
          92.20  0.69200 
          92.33  0.69278 
          92.47  0.69218 
          92.60  0.69288 
          92.74  0.69356 
          92.87  0.69275 
          93.01  0.69335 
          93.14  0.69393 
          93.27  0.69290 
          93.41  0.69339 
          93.54  0.69386 
          93.68  0.69261 
          93.81  0.69298 
          93.95  0.69333 
          94.08  0.69184 
          94.21  0.69209 
          94.35  0.69232 
          94.48  0.69058 
          94.62  0.69071 
          94.75  0.69080 
          94.88  0.68881 
          95.02  0.68880 
          95.15  0.68877 
          95.29  0.68650 
          95.42  0.68636 
          95.56  0.68619 
          95.69  0.68365 
          95.82  0.68337 
          95.96  0.68305 
          96.09  0.68023 
          96.23  0.67980 
          96.36  0.67933 
          96.50  0.67623 
          96.63  0.67565 
          96.76  0.67503 
          96.90  0.67164 
          97.03  0.67090 
          97.17  0.67013 
          97.30  0.66644 
          97.43  0.66555 
          97.57  0.66462 
          97.70  0.66063 
          97.84  0.65958 
          97.97  0.65849 
          98.11  0.65421 
          98.24  0.65300 
          98.37  0.65175 
          98.51  0.64717 
          98.64  0.64580 
          98.78  0.64438 
          98.91  0.64293 
          99.05  0.63797 
          99.18  0.63640 
          99.31  0.63479 
          99.45  0.62954 
          99.58  0.62781 
          99.72  0.62604 
          99.85  0.62050 
          99.98  0.61861 
         100.12  0.61668 
         100.25  0.61086 
         100.39  0.60881 
         100.52  0.60673 
         100.66  0.60461 
         100.79  0.59844 
         100.92  0.59621 
         101.06  0.59394 
         101.19  0.58751 
         101.33  0.58513 
         101.46  0.58271 
         101.60  0.57603 
         101.73  0.57351 
         101.86  0.57095 
         102.00  0.56836 
         102.13  0.56138 
         102.27  0.55868 
         102.40  0.55596 
         102.53  0.54876 
         102.67  0.54594 
         102.80  0.54309 
         102.94  0.54021 
         103.07  0.53275 
         103.21  0.52978 
         103.34  0.52678 
         103.47  0.51914 
         103.61  0.51606 
         103.74  0.51296 
         103.88  0.50982 
         104.01  0.50198 
         104.14  0.49877 
         104.28  0.49554 
         104.41  0.49229 
         104.55  0.48426 
         104.68  0.48095 
         104.82  0.47761 
         104.95  0.46947 
         105.08  0.46608 
         105.22  0.46266 
         105.35  0.45923 
         105.49  0.45098 
         105.62  0.44750 
         105.76  0.44401 
         105.89  0.44050 
         106.02  0.43216 
         106.16  0.42861 
         106.29  0.42506 
         106.43  0.41668 
         106.56  0.41310 
         106.69  0.40950 
         106.83  0.40590 
         106.96  0.39750 
         107.10  0.39388 
         107.23  0.39026 
         107.37  0.38663 
         107.50  0.37824 
         107.63  0.37460 
         107.77  0.37096 
         107.90  0.36732 
         108.04  0.35897 
         108.17  0.35533 
         108.31  0.35169 
         108.44  0.34806 
         108.57  0.33979 
         108.71  0.33617 
         108.84  0.33255 
         108.98  0.32893 
         109.11  0.32078 
         109.24  0.31718 
         109.38  0.31360 
         109.51  0.31002 
         109.65  0.30200 
         109.78  0.29846 
         109.92  0.29492 
         110.05  0.29139 
         110.18  0.28355 
         110.32  0.28007 
         110.45  0.27659 
         110.59  0.27313 
         110.72  0.26548 
         110.86  0.26207 
         110.99  0.25868 
         111.12  0.25530 
         111.26  0.24787 
         111.39  0.24455 
         111.53  0.24124 
         111.66  0.23795 
         111.79  0.23468 
         111.93  0.22754 
         112.06  0.22433 
         112.20  0.22115 
         112.33  0.21798 
         112.47  0.21110 
         112.60  0.20801 
         112.73  0.20493 
         112.87  0.20188 
         113.00  0.19528 
         113.14  0.19230 
         113.27  0.18935 
         113.41  0.18642 
         113.54  0.18351 
         113.67  0.17726 
         113.81  0.17443 
         113.94  0.17163 
         114.08  0.16885 
         114.21  0.16290 
         114.34  0.16021 
         114.48  0.15754 
         114.61  0.15489 
         114.75  0.15227 
         114.88  0.14670 
         115.02  0.14416 
         115.15  0.14166 
         115.28  0.13917 
         115.42  0.13392 
         115.55  0.13152 
         115.69  0.12915 
         115.82  0.12681 
         115.96  0.12450 
         116.09  0.11961 
         116.22  0.11739 
         116.36  0.11519 
         116.49  0.11301 
         116.63  0.11087 
         116.76  0.10636 
         116.89  0.10430 
         117.03  0.10226 
         117.16  0.10026 
         117.30  0.09606 
         117.43  0.09413 
         117.57  0.09224 
         117.70  0.09037 
         117.83  0.08853 
         117.97  0.08469 
         118.10  0.08293 
         118.24  0.08119 
         118.37  0.07949 
         118.51  0.07780 
         118.64  0.07431 
         118.77  0.07271 
         118.91  0.07113 
         119.04  0.06958 
         119.18  0.06805 
         119.31  0.06489 
         119.44  0.06344 
         119.58  0.06201 
         119.71  0.06061 
         119.85  0.05923 
         119.98  0.05639 
         120.12  0.05508 
         120.25  0.05380 
         120.38  0.05254 
         120.52  0.05130 
         120.65  0.05008 
         120.79  0.04758 
         120.92  0.04643 
         121.06  0.04530 
         121.19  0.04420 
         121.32  0.04311 
         121.46  0.04089 
         121.59  0.03987 
         121.73  0.03886 
         121.86  0.03788 
         121.99  0.03692 
         122.13  0.03495 
         122.26  0.03404 
         122.40  0.03316 
         122.53  0.03229 
         122.67  0.03144 
         122.80  0.03060 
         122.93  0.02891 
         123.07  0.02813 
         123.20  0.02736 
         123.34  0.02661 
         123.47  0.02588 
         123.61  0.02517 
         123.74  0.02372 
         123.87  0.02305 
         124.01  0.02240 
         124.14  0.02176 
         124.28  0.02113 
         124.41  0.01987 
         124.54  0.01929 
         124.68  0.01872 
         124.81  0.01817 
         124.95  0.01763 
         125.08  0.01710 
         125.22  0.01604 
         125.35  0.01554 
         125.48  0.01507 
         125.62  0.01460 
         125.75  0.01414 
         125.89  0.01370 
         126.02  0.01281 
         126.16  0.01239 
         126.29  0.01199 
         126.42  0.01160 
         126.56  0.01122 
         126.69  0.01085 
         126.83  0.01011 
         126.96  0.00976 
         127.09  0.00943 
         127.23  0.00910 
         127.36  0.00879 
         127.50  0.00848 
         127.63  0.00787 
         127.77  0.00758 
         127.90  0.00731 
         128.03  0.00704 
         128.17  0.00678 
         128.30  0.00652 
         128.44  0.00628 
         128.57  0.00579 
         128.70  0.00556 
         128.84  0.00534 
         128.97  0.00513 
         129.11  0.00492 
         129.24  0.00472 
         129.38  0.00432 
         129.51  0.00414 
         129.64  0.00396 
         129.78  0.00378 
         129.91  0.00361 
         130.05  0.00345 
         130.18  0.00329 
         130.32  0.00298 
         130.45  0.00283 
         130.58  0.00269 
         130.72  0.00256 
         130.85  0.00242 
         130.99  0.00229 
         131.12  0.00217 
         131.25  0.00193 
         131.39  0.00181 
         131.52  0.00170 
         131.66  0.00160 
         131.79  0.00149 
         131.93  0.00139 
         132.06  0.00130 
         132.19  0.00111 
         132.33  0.00102 
         132.46  0.00094 
         132.60  0.00086 
         132.73  0.00078 
         132.87  0.00070 
         133.00  0.00063 
         133.13  0.00048 
         133.27  0.00041 
         133.40  0.00035 
         133.54  0.00029 
         133.67  0.00023 
         133.80  0.00017 
         133.94  0.00011 
         134.07  0.00005 
