A0_0 = 0.5 ;
A0_D = 0.0 ;
A0_N = 1.0 ;
Ee_0 = 0.5 ;
Ee_D = 0.5 ;
Ee_N = 6.0 ;
FWHMe_0 = 10.0 ;
FWHMe_D = 0.0 ;
FWHMe_N = 1.0 ;
LAMBDA_0 = 800.0 ;
LAMBDA_D = 0.0 ;
LAMBDA_N = 1.0 ;
NLCS_ORD = 1.0 ;
THETA01_L = 30.0 ;
THETA02_L = 0.0 ;
           0.00  1.00000 
           0.09  0.99705 
           0.17  0.99411 
           0.26  0.99118 
           0.35  0.98826 
           0.43  0.98535 
           0.52  0.98244 
           0.61  0.97954 
           0.69  0.97666 
           0.78  0.97378 
           0.87  0.97091 
           0.95  0.96804 
           1.04  0.96519 
           1.13  0.96234 
           1.21  0.95950 
           1.30  0.95667 
           1.39  0.95385 
           1.47  0.95104 
           1.56  0.94823 
           1.65  0.94544 
           1.73  0.94265 
           1.82  0.93987 
           1.91  0.93710 
           1.99  0.93434 
           2.08  0.93158 
           2.17  0.92884 
           2.25  0.92610 
           2.34  0.92337 
           2.43  0.92065 
           2.51  0.91793 
           2.60  0.91523 
           2.69  0.91253 
           2.77  0.90984 
           2.86  0.90716 
           2.95  0.90449 
           3.04  0.90182 
           3.12  0.89917 
           3.21  0.89652 
           3.30  0.89388 
           3.38  0.89125 
           3.47  0.88863 
           3.56  0.88601 
           3.64  0.88341 
           3.73  0.88081 
           3.82  0.87822 
           3.90  0.87563 
           3.99  0.87306 
           4.08  0.87049 
           4.16  0.86794 
           4.25  0.86539 
           4.34  0.86284 
           4.42  0.86031 
           4.51  0.85778 
           4.60  0.85527 
           4.68  0.85276 
           4.77  0.85026 
           4.86  0.84776 
           4.94  0.84528 
           5.03  0.84280 
           5.12  0.84033 
           5.20  0.83787 
           5.29  0.83541 
           5.38  0.83297 
           5.46  0.83053 
           5.55  0.82810 
           5.64  0.82568 
           5.72  0.82327 
           5.81  0.82086 
           5.90  0.81846 
           5.98  0.81607 
           6.07  0.81369 
           6.16  0.81132 
           6.24  0.80895 
           6.33  0.80659 
           6.42  0.80424 
           6.50  0.80190 
           6.59  0.79957 
           6.68  0.79724 
           6.76  0.79492 
           6.85  0.79261 
           6.94  0.79031 
           7.02  0.78802 
           7.11  0.78573 
           7.20  0.78345 
           7.28  0.78118 
           7.37  0.77891 
           7.46  0.77666 
           7.54  0.77441 
           7.63  0.77217 
           7.72  0.76994 
           7.80  0.76772 
           7.89  0.76550 
           7.98  0.76329 
           8.06  0.76109 
           8.15  0.75890 
           8.24  0.75671 
           8.32  0.75453 
           8.41  0.75236 
           8.50  0.75020 
           8.59  0.74805 
           8.67  0.74590 
           8.76  0.74376 
           8.85  0.74163 
           8.93  0.73951 
           9.02  0.73739 
           9.11  0.73528 
           9.19  0.73318 
           9.28  0.73109 
           9.37  0.72901 
           9.45  0.72693 
           9.54  0.72486 
           9.63  0.72280 
           9.71  0.72074 
           9.80  0.71870 
           9.89  0.71666 
           9.97  0.71463 
          10.06  0.71260 
          10.15  0.71059 
          10.23  0.70858 
          10.32  0.70658 
          10.41  0.70459 
          10.49  0.70260 
          10.58  0.70062 
          10.67  0.69865 
          10.75  0.69669 
          10.84  0.69473 
          10.93  0.69279 
          11.01  0.69085 
          11.10  0.68892 
          11.19  0.68699 
          11.27  0.68507 
          11.36  0.68316 
          11.45  0.68126 
          11.53  0.67937 
          11.62  0.67748 
          11.71  0.67560 
          11.79  0.67373 
          11.88  0.67187 
          11.97  0.67001 
          12.05  0.66816 
          12.14  0.66632 
          12.23  0.66449 
          12.31  0.66266 
          12.40  0.66084 
          12.49  0.65903 
          12.57  0.65722 
          12.66  0.65543 
          12.75  0.65364 
          12.83  0.65186 
          12.92  0.65008 
          13.01  0.64832 
          13.09  0.64656 
          13.18  0.64481 
          13.27  0.64306 
          13.35  0.64132 
          13.44  0.63960 
          13.53  0.63787 
          13.61  0.63616 
          13.70  0.63445 
          13.79  0.63275 
          13.87  0.63106 
          13.96  0.62938 
          14.05  0.62770 
          14.13  0.62603 
          14.22  0.62437 
          14.31  0.62271 
          14.40  0.62106 
          14.48  0.61942 
          14.57  0.61779 
          14.66  0.61616 
          14.74  0.61455 
          14.83  0.61293 
          14.92  0.61133 
          15.00  0.60974 
          15.09  0.60815 
          15.18  0.60657 
          15.26  0.60499 
          15.35  0.60342 
          15.44  0.60187 
          15.52  0.60031 
          15.61  0.59877 
          15.70  0.59723 
          15.78  0.59570 
          15.87  0.59418 
          15.96  0.59266 
          16.04  0.59116 
          16.13  0.58965 
          16.22  0.58816 
          16.30  0.58668 
          16.39  0.58520 
          16.48  0.58373 
          16.56  0.58226 
          16.65  0.58080 
          16.74  0.57935 
          16.82  0.57791 
          16.91  0.57648 
          17.00  0.57505 
          17.08  0.57363 
          17.17  0.57222 
          17.26  0.57081 
          17.34  0.56941 
          17.43  0.56802 
          17.52  0.56664 
          17.60  0.56526 
          17.69  0.56389 
          17.78  0.56253 
          17.86  0.56117 
          17.95  0.55982 
          18.04  0.55848 
          18.12  0.55715 
          18.21  0.55582 
          18.30  0.55450 
          18.38  0.55319 
          18.47  0.55189 
          18.56  0.55059 
          18.64  0.54930 
          18.73  0.54802 
          18.82  0.54674 
          18.90  0.54547 
          18.99  0.54421 
          19.08  0.54296 
          19.16  0.54171 
          19.25  0.54047 
          19.34  0.53924 
          19.42  0.53801 
          19.51  0.53680 
          19.60  0.53559 
          19.68  0.53438 
          19.77  0.53319 
          19.86  0.53200 
          19.95  0.53081 
          20.03  0.52964 
          20.12  0.52847 
          20.21  0.52731 
          20.29  0.52616 
          20.38  0.52501 
          20.47  0.52387 
          20.55  0.52274 
          20.64  0.52161 
          20.73  0.52050 
          20.81  0.51939 
          20.90  0.51828 
          20.99  0.51719 
          21.07  0.51610 
          21.16  0.51501 
          21.25  0.51394 
          21.33  0.51287 
          21.42  0.51181 
          21.51  0.51076 
          21.59  0.50971 
          21.68  0.50867 
          21.77  0.50764 
          21.85  0.50661 
          21.94  0.50560 
          22.03  0.50459 
          22.11  0.50358 
          22.20  0.50259 
          22.29  0.50160 
          22.37  0.50061 
          22.46  0.49964 
          22.55  0.49867 
          22.63  0.49771 
          22.72  0.49676 
          22.81  0.49581 
          22.89  0.49487 
          22.98  0.49394 
          23.07  0.49301 
          23.15  0.49209 
          23.24  0.49118 
          23.33  0.49028 
          23.41  0.48938 
          23.50  0.48849 
          23.59  0.48761 
          23.67  0.48673 
          23.76  0.48586 
          23.85  0.48500 
          23.93  0.48415 
          24.02  0.48330 
          24.11  0.48246 
          24.19  0.48162 
          24.28  0.48080 
          24.37  0.47998 
          24.45  0.47917 
          24.54  0.47836 
          24.63  0.47756 
          24.71  0.47677 
          24.80  0.47599 
          24.89  0.47521 
          24.97  0.47444 
          25.06  0.47368 
          25.15  0.47292 
          25.23  0.47217 
          25.32  0.47143 
          25.41  0.47070 
          25.50  0.46997 
          25.58  0.46925 
          25.67  0.46854 
          25.76  0.46783 
          25.84  0.46713 
          25.93  0.46644 
          26.02  0.46575 
          26.10  0.46508 
          26.19  0.46440 
          26.28  0.46374 
          26.36  0.46308 
          26.45  0.46243 
          26.54  0.46179 
          26.62  0.46116 
          26.71  0.46053 
          26.80  0.45991 
          26.88  0.45929 
          26.97  0.45868 
          27.06  0.45808 
          27.14  0.45749 
          27.23  0.45690 
          27.32  0.45632 
          27.40  0.45575 
          27.49  0.45519 
          27.58  0.45463 
          27.66  0.45408 
          27.75  0.45353 
          27.84  0.45299 
          27.92  0.45246 
          28.01  0.45194 
          28.10  0.45143 
          28.18  0.45092 
          28.27  0.45041 
          28.36  0.44992 
          28.44  0.44943 
          28.53  0.44895 
          28.62  0.44848 
          28.70  0.44801 
          28.79  0.44755 
          28.88  0.44710 
          28.96  0.44665 
          29.05  0.44621 
          29.14  0.44578 
          29.22  0.44536 
          29.31  0.44494 
          29.40  0.44453 
          29.48  0.44413 
          29.57  0.44373 
          29.66  0.44334 
          29.74  0.44296 
          29.83  0.44259 
          29.92  0.44222 
          30.00  0.44186 
          30.09  0.44150 
          30.18  0.44116 
          30.26  0.44082 
          30.35  0.44048 
          30.44  0.44016 
          30.52  0.43984 
          30.61  0.43953 
          30.70  0.43922 
          30.78  0.43893 
          30.87  0.43864 
          30.96  0.43835 
          31.04  0.43808 
          31.13  0.43781 
          31.22  0.43754 
          31.31  0.43729 
          31.39  0.43704 
          31.48  0.43680 
          31.57  0.43657 
          31.65  0.43634 
          31.74  0.43612 
          31.83  0.43591 
          31.91  0.43570 
          32.00  0.43550 
          32.09  0.43531 
          32.17  0.43513 
          32.26  0.43495 
          32.35  0.43478 
          32.43  0.43462 
          32.52  0.43446 
          32.61  0.43431 
          32.69  0.43417 
          32.78  0.43403 
          32.87  0.43391 
          32.95  0.43378 
          33.04  0.43367 
          33.13  0.43356 
          33.21  0.43347 
          33.30  0.43337 
          33.39  0.43329 
          33.47  0.43321 
          33.56  0.43314 
          33.65  0.43307 
          33.73  0.43302 
          33.82  0.43297 
          33.91  0.43293 
          33.99  0.43289 
          34.08  0.43286 
          34.17  0.43284 
          34.25  0.43283 
          34.34  0.43282 
          34.43  0.43282 
          34.51  0.43283 
          34.60  0.43284 
          34.69  0.43286 
          34.77  0.43289 
          34.86  0.43293 
          34.95  0.43297 
          35.03  0.43302 
          35.12  0.43307 
          35.21  0.43314 
          35.29  0.43321 
          35.38  0.43329 
          35.47  0.43337 
          35.55  0.43347 
          35.64  0.43357 
          35.73  0.43367 
          35.81  0.43379 
          35.90  0.43391 
          35.99  0.43404 
          36.07  0.43417 
          36.16  0.43432 
          36.25  0.43447 
          36.33  0.43462 
          36.42  0.43479 
          36.51  0.43496 
          36.59  0.43514 
          36.68  0.43532 
          36.77  0.43552 
          36.86  0.43572 
          36.94  0.43592 
          37.03  0.43614 
          37.12  0.43636 
          37.20  0.43659 
          37.29  0.43683 
          37.38  0.43707 
          37.46  0.43732 
          37.55  0.43758 
          37.64  0.43784 
          37.72  0.43812 
          37.81  0.43840 
          37.90  0.43868 
          37.98  0.43898 
          38.07  0.43928 
          38.16  0.43959 
          38.24  0.43990 
          38.33  0.44022 
          38.42  0.44055 
          38.50  0.44089 
          38.59  0.44124 
          38.68  0.44159 
          38.76  0.44195 
          38.85  0.44231 
          38.94  0.44269 
          39.02  0.44307 
          39.11  0.44346 
          39.20  0.44385 
          39.28  0.44425 
          39.37  0.44466 
          39.46  0.44508 
          39.54  0.44551 
          39.63  0.44594 
          39.72  0.44638 
          39.80  0.44682 
          39.89  0.44728 
          39.98  0.44774 
          40.06  0.44821 
          40.15  0.44868 
          40.24  0.44917 
          40.32  0.44966 
          40.41  0.45015 
          40.50  0.45066 
          40.58  0.45117 
          40.67  0.45169 
          40.76  0.45222 
          40.84  0.45275 
          40.93  0.45329 
          41.02  0.45384 
          41.10  0.45440 
          41.19  0.45496 
          41.28  0.45554 
          41.36  0.45611 
          41.45  0.45670 
          41.54  0.45729 
          41.62  0.45789 
          41.71  0.45850 
          41.80  0.45912 
          41.88  0.45974 
          41.97  0.46037 
          42.06  0.46101 
          42.14  0.46165 
          42.23  0.46231 
          42.32  0.46297 
          42.40  0.46364 
          42.49  0.46431 
          42.58  0.46499 
          42.67  0.46568 
          42.75  0.46638 
          42.84  0.46708 
          42.93  0.46780 
          43.01  0.46852 
          43.10  0.46924 
          43.19  0.46998 
          43.27  0.47072 
          43.36  0.47147 
          43.45  0.47223 
          43.53  0.47299 
          43.62  0.47377 
          43.71  0.47454 
          43.79  0.47533 
          43.88  0.47613 
          43.97  0.47693 
          44.05  0.47774 
          44.14  0.47856 
          44.23  0.47938 
          44.31  0.48021 
          44.40  0.48105 
          44.49  0.48190 
          44.57  0.48276 
          44.66  0.48362 
          44.75  0.48449 
          44.83  0.48537 
          44.92  0.48625 
          45.01  0.48715 
          45.09  0.48805 
          45.18  0.48896 
          45.27  0.48987 
          45.35  0.49079 
          45.44  0.49173 
          45.53  0.49267 
          45.61  0.49361 
          45.70  0.49457 
          45.79  0.49553 
          45.87  0.49650 
          45.96  0.49747 
          46.05  0.49846 
          46.13  0.49945 
          46.22  0.50045 
          46.31  0.50146 
          46.39  0.50247 
          46.48  0.50350 
          46.57  0.50453 
          46.65  0.50557 
          46.74  0.50661 
          46.83  0.50767 
          46.91  0.50873 
          47.00  0.50980 
          47.09  0.51088 
          47.17  0.51196 
          47.26  0.51306 
          47.35  0.51416 
          47.43  0.51526 
          47.52  0.51638 
          47.61  0.51750 
          47.69  0.51864 
          47.78  0.51978 
          47.87  0.52092 
          47.95  0.52208 
          48.04  0.52324 
          48.13  0.52441 
          48.22  0.52559 
          48.30  0.52678 
          48.39  0.52797 
          48.48  0.52918 
          48.56  0.53039 
          48.65  0.53160 
          48.74  0.53283 
          48.82  0.53406 
          48.91  0.53531 
          49.00  0.53656 
          49.08  0.53781 
          49.17  0.53908 
          49.26  0.54035 
          49.34  0.54163 
          49.43  0.54292 
          49.52  0.54422 
          49.60  0.54553 
          49.69  0.54684 
          49.78  0.54816 
          49.86  0.54949 
          49.95  0.55083 
          50.04  0.55217 
          50.12  0.55353 
          50.21  0.55489 
          50.30  0.55626 
          50.38  0.55763 
          50.47  0.55902 
          50.56  0.56041 
          50.64  0.56181 
          50.73  0.56322 
          50.82  0.56464 
          50.90  0.56607 
          50.99  0.56750 
          51.08  0.56894 
          51.16  0.57039 
          51.25  0.57185 
          51.34  0.57332 
          51.42  0.57479 
          51.51  0.57627 
          51.60  0.57777 
          51.68  0.57926 
          51.77  0.58077 
          51.86  0.58229 
          51.94  0.58381 
          52.03  0.58534 
          52.12  0.58688 
          52.20  0.58843 
          52.29  0.58999 
          52.38  0.59150 
          52.46  0.59301 
          52.55  0.59448 
          52.64  0.59600 
          52.72  0.59747 
          52.81  0.59901 
          52.90  0.60047 
          52.98  0.60202 
          53.07  0.60357 
          53.16  0.60503 
          53.24  0.60659 
          53.33  0.60806 
          53.42  0.60962 
          53.50  0.61119 
          53.59  0.61265 
          53.68  0.61422 
          53.77  0.61568 
          53.85  0.61726 
          53.94  0.61871 
          54.03  0.62028 
          54.11  0.62187 
          54.20  0.62330 
          54.29  0.62489 
          54.37  0.62631 
          54.46  0.62789 
          54.55  0.62948 
          54.63  0.63088 
          54.72  0.63246 
          54.81  0.63385 
          54.89  0.63543 
          54.98  0.63679 
          55.07  0.63836 
          55.15  0.63994 
          55.24  0.64126 
          55.33  0.64283 
          55.41  0.64413 
          55.50  0.64569 
          55.59  0.64725 
          55.67  0.64850 
          55.76  0.65004 
          55.85  0.65159 
          55.93  0.65279 
          56.02  0.65432 
          56.11  0.65548 
          56.19  0.65699 
          56.28  0.65850 
          56.37  0.65959 
          56.45  0.66108 
          56.54  0.66212 
          56.63  0.66359 
          56.71  0.66505 
          56.80  0.66601 
          56.89  0.66744 
          56.97  0.66887 
          57.06  0.66975 
          57.15  0.67114 
          57.23  0.67195 
          57.32  0.67331 
          57.41  0.67467 
          57.49  0.67537 
          57.58  0.67669 
          57.67  0.67800 
          57.75  0.67858 
          57.84  0.67985 
          57.93  0.68035 
          58.01  0.68157 
          58.10  0.68279 
          58.19  0.68315 
          58.27  0.68431 
          58.36  0.68546 
          58.45  0.68568 
          58.53  0.68678 
          58.62  0.68689 
          58.71  0.68793 
          58.79  0.68896 
          58.88  0.68890 
          58.97  0.68986 
          59.05  0.69081 
          59.14  0.69058 
          59.23  0.69146 
          59.31  0.69232 
          59.40  0.69191 
          59.49  0.69270 
          59.58  0.69347 
          59.66  0.69286 
          59.75  0.69356 
          59.84  0.69423 
          59.92  0.69341 
          60.01  0.69400 
          60.10  0.69303 
          60.18  0.69354 
          60.27  0.69402 
          60.36  0.69282 
          60.44  0.69321 
          60.53  0.69358 
          60.62  0.69214 
          60.70  0.69242 
          60.79  0.69266 
          60.88  0.69098 
          60.96  0.69113 
          61.05  0.69125 
          61.14  0.68931 
          61.22  0.68933 
          61.31  0.68932 
          61.40  0.68712 
          61.48  0.68700 
          61.57  0.68685 
          61.66  0.68438 
          61.74  0.68412 
          61.83  0.68383 
          61.92  0.68107 
          62.00  0.68067 
          62.09  0.68023 
          62.18  0.67975 
          62.26  0.67664 
          62.35  0.67605 
          62.44  0.67542 
          62.52  0.67202 
          62.61  0.67127 
          62.70  0.67049 
          62.78  0.66679 
          62.87  0.66589 
          62.96  0.66495 
          63.04  0.66096 
          63.13  0.65990 
          63.22  0.65880 
          63.30  0.65450 
          63.39  0.65328 
          63.48  0.65202 
          63.56  0.64743 
          63.65  0.64605 
          63.74  0.64463 
          63.82  0.64317 
          63.91  0.63820 
          64.00  0.63662 
          64.08  0.63500 
          64.17  0.62974 
          64.26  0.62800 
          64.34  0.62622 
          64.43  0.62067 
          64.52  0.61877 
          64.60  0.61683 
          64.69  0.61486 
          64.78  0.60895 
          64.86  0.60686 
          64.95  0.60473 
          65.04  0.59855 
          65.13  0.59631 
          65.21  0.59403 
          65.30  0.58759 
          65.39  0.58521 
          65.47  0.58278 
          65.56  0.58032 
          65.65  0.57356 
          65.73  0.57100 
          65.82  0.56840 
          65.91  0.56141 
          65.99  0.55871 
          66.08  0.55598 
          66.17  0.55321 
          66.25  0.54595 
          66.34  0.54309 
          66.43  0.54020 
          66.51  0.53273 
          66.60  0.52976 
          66.69  0.52675 
          66.77  0.52371 
          66.86  0.51602 
          66.95  0.51291 
          67.03  0.50977 
          67.12  0.50660 
          67.21  0.49871 
          67.29  0.49547 
          67.38  0.49221 
          67.47  0.48418 
          67.55  0.48086 
          67.64  0.47751 
          67.73  0.47415 
          67.81  0.46597 
          67.90  0.46256 
          67.99  0.45912 
          68.07  0.45566 
          68.16  0.44738 
          68.25  0.44388 
          68.33  0.44037 
          68.42  0.43684 
          68.51  0.42848 
          68.59  0.42492 
          68.68  0.42134 
          68.77  0.41295 
          68.85  0.40935 
          68.94  0.40575 
          69.03  0.40213 
          69.11  0.39372 
          69.20  0.39009 
          69.29  0.38646 
          69.37  0.38282 
          69.46  0.37443 
          69.55  0.37079 
          69.63  0.36714 
          69.72  0.36349 
          69.81  0.35515 
          69.89  0.35151 
          69.98  0.34787 
          70.07  0.34423 
          70.15  0.33598 
          70.24  0.33236 
          70.33  0.32874 
          70.41  0.32512 
          70.50  0.31699 
          70.59  0.31340 
          70.67  0.30982 
          70.76  0.30625 
          70.85  0.29826 
          70.94  0.29473 
          71.02  0.29120 
          71.11  0.28768 
          71.20  0.28417 
          71.28  0.27640 
          71.37  0.27293 
          71.46  0.26948 
          71.54  0.26605 
          71.63  0.25848 
          71.72  0.25510 
          71.80  0.25173 
          71.89  0.24838 
          71.98  0.24104 
          72.06  0.23775 
          72.15  0.23448 
          72.24  0.23123 
          72.32  0.22414 
          72.41  0.22095 
          72.50  0.21779 
          72.58  0.21464 
          72.67  0.21151 
          72.76  0.20474 
          72.84  0.20169 
          72.93  0.19866 
          73.02  0.19565 
          73.10  0.18917 
          73.19  0.18623 
          73.28  0.18333 
          73.36  0.18044 
          73.45  0.17758 
          73.54  0.17145 
          73.62  0.16867 
          73.71  0.16592 
          73.80  0.16319 
          73.88  0.15737 
          73.97  0.15472 
          74.06  0.15211 
          74.14  0.14951 
          74.23  0.14695 
          74.32  0.14150 
          74.40  0.13902 
          74.49  0.13656 
          74.58  0.13414 
          74.66  0.13173 
          74.75  0.12666 
          74.84  0.12435 
          74.92  0.12206 
          75.01  0.11980 
          75.10  0.11505 
          75.18  0.11287 
          75.27  0.11073 
          75.36  0.10861 
          75.44  0.10652 
          75.53  0.10213 
          75.62  0.10013 
          75.70  0.09815 
          75.79  0.09619 
          75.88  0.09427 
          75.96  0.09025 
          76.05  0.08841 
          76.14  0.08659 
          76.22  0.08480 
          76.31  0.08304 
          76.40  0.07937 
          76.49  0.07769 
          76.57  0.07604 
          76.66  0.07441 
          76.75  0.07280 
          76.83  0.06948 
          76.92  0.06795 
          77.01  0.06645 
          77.09  0.06497 
          77.18  0.06352 
          77.27  0.06209 
          77.35  0.05914 
          77.44  0.05779 
          77.53  0.05645 
          77.61  0.05514 
          77.70  0.05386 
          77.79  0.05122 
          77.87  0.05000 
          77.96  0.04881 
          78.05  0.04763 
          78.13  0.04648 
          78.22  0.04412 
          78.31  0.04304 
          78.39  0.04198 
          78.48  0.04093 
          78.57  0.03991 
          78.65  0.03890 
          78.74  0.03685 
          78.83  0.03591 
          78.91  0.03498 
          79.00  0.03408 
          79.09  0.03319 
          79.17  0.03138 
          79.26  0.03055 
          79.35  0.02973 
          79.43  0.02893 
          79.52  0.02815 
          79.61  0.02739 
          79.69  0.02583 
          79.78  0.02512 
          79.87  0.02442 
          79.95  0.02374 
          80.04  0.02307 
          80.13  0.02241 
          80.21  0.02109 
          80.30  0.02048 
          80.39  0.01989 
          80.47  0.01931 
          80.56  0.01874 
          80.65  0.01818 
          80.73  0.01706 
          80.82  0.01655 
          80.91  0.01605 
          80.99  0.01555 
          81.08  0.01507 
          81.17  0.01461 
          81.25  0.01367 
          81.34  0.01324 
          81.43  0.01281 
          81.51  0.01240 
          81.60  0.01200 
          81.69  0.01161 
          81.77  0.01083 
          81.86  0.01046 
          81.95  0.01011 
          82.04  0.00977 
          82.12  0.00943 
          82.21  0.00911 
          82.30  0.00879 
          82.38  0.00816 
          82.47  0.00787 
          82.56  0.00759 
          82.64  0.00731 
          82.73  0.00704 
          82.82  0.00678 
          82.90  0.00626 
          82.99  0.00602 
          83.08  0.00579 
          83.16  0.00556 
          83.25  0.00534 
          83.34  0.00513 
          83.42  0.00492 
          83.51  0.00451 
          83.60  0.00432 
          83.68  0.00414 
          83.77  0.00396 
          83.86  0.00378 
          83.94  0.00361 
          84.03  0.00345 
          84.12  0.00313 
          84.20  0.00298 
          84.29  0.00283 
          84.38  0.00269 
          84.46  0.00256 
          84.55  0.00242 
          84.64  0.00229 
          84.72  0.00204 
          84.81  0.00193 
          84.90  0.00181 
          84.98  0.00170 
          85.07  0.00160 
          85.16  0.00149 
          85.24  0.00139 
          85.33  0.00120 
          85.42  0.00111 
          85.50  0.00102 
          85.59  0.00094 
          85.68  0.00086 
          85.76  0.00078 
          85.85  0.00070 
          85.94  0.00063 
          86.02  0.00048 
          86.11  0.00041 
          86.20  0.00035 
          86.28  0.00029 
          86.37  0.00022 
          86.46  0.00017 
          86.54  0.00011 
          86.63  0.00005 
