A0_0 = 0.5 ;
A0_D = 0.0 ;
A0_N = 1.0 ;
Ee_0 = 0.5 ;
Ee_D = 0.5 ;
Ee_N = 6.0 ;
FWHMe_0 = 10.0 ;
FWHMe_D = 0.0 ;
FWHMe_N = 1.0 ;
LAMBDA_0 = 800.0 ;
LAMBDA_D = 0.0 ;
LAMBDA_N = 1.0 ;
NLCS_ORD = 1.0 ;
THETA01_L = 30.0 ;
THETA02_L = 0.0 ;
           0.00  1.00000 
           0.19  0.99711 
           0.38  0.99422 
           0.57  0.99135 
           0.77  0.98848 
           0.96  0.98562 
           1.15  0.98277 
           1.34  0.97992 
           1.53  0.97709 
           1.72  0.97426 
           1.91  0.97144 
           2.11  0.96863 
           2.30  0.96582 
           2.49  0.96303 
           2.68  0.96024 
           2.87  0.95746 
           3.06  0.95469 
           3.25  0.95192 
           3.45  0.94917 
           3.64  0.94642 
           3.83  0.94368 
           4.02  0.94094 
           4.21  0.93822 
           4.40  0.93550 
           4.59  0.93279 
           4.79  0.93009 
           4.98  0.92740 
           5.17  0.92471 
           5.36  0.92204 
           5.55  0.91937 
           5.74  0.91671 
           5.93  0.91405 
           6.13  0.91141 
           6.32  0.90877 
           6.51  0.90614 
           6.70  0.90351 
           6.89  0.90090 
           7.08  0.89829 
           7.27  0.89569 
           7.47  0.89310 
           7.66  0.89052 
           7.85  0.88794 
           8.04  0.88537 
           8.23  0.88281 
           8.42  0.88026 
           8.61  0.87772 
           8.81  0.87518 
           9.00  0.87265 
           9.19  0.87013 
           9.38  0.86761 
           9.57  0.86511 
           9.76  0.86261 
           9.95  0.86012 
          10.15  0.85764 
          10.34  0.85516 
          10.53  0.85269 
          10.72  0.85023 
          10.91  0.84778 
          11.10  0.84534 
          11.29  0.84290 
          11.49  0.84047 
          11.68  0.83805 
          11.87  0.83563 
          12.06  0.83323 
          12.25  0.83083 
          12.44  0.82844 
          12.63  0.82605 
          12.83  0.82368 
          13.02  0.82131 
          13.21  0.81895 
          13.40  0.81660 
          13.59  0.81425 
          13.78  0.81191 
          13.97  0.80958 
          14.17  0.80726 
          14.36  0.80494 
          14.55  0.80264 
          14.74  0.80034 
          14.93  0.79804 
          15.12  0.79576 
          15.31  0.79348 
          15.51  0.79121 
          15.70  0.78895 
          15.89  0.78669 
          16.08  0.78445 
          16.27  0.78221 
          16.46  0.77998 
          16.66  0.77775 
          16.85  0.77553 
          17.04  0.77332 
          17.23  0.77112 
          17.42  0.76893 
          17.61  0.76674 
          17.80  0.76456 
          18.00  0.76239 
          18.19  0.76022 
          18.38  0.75807 
          18.57  0.75592 
          18.76  0.75377 
          18.95  0.75164 
          19.14  0.74951 
          19.34  0.74739 
          19.53  0.74528 
          19.72  0.74317 
          19.91  0.74107 
          20.10  0.73898 
          20.29  0.73690 
          20.48  0.73482 
          20.68  0.73276 
          20.87  0.73070 
          21.06  0.72864 
          21.25  0.72660 
          21.44  0.72456 
          21.63  0.72253 
          21.82  0.72050 
          22.02  0.71848 
          22.21  0.71648 
          22.40  0.71447 
          22.59  0.71248 
          22.78  0.71049 
          22.97  0.70851 
          23.16  0.70654 
          23.36  0.70457 
          23.55  0.70262 
          23.74  0.70067 
          23.93  0.69872 
          24.12  0.69679 
          24.31  0.69486 
          24.50  0.69294 
          24.70  0.69102 
          24.89  0.68912 
          25.08  0.68722 
          25.27  0.68533 
          25.46  0.68344 
          25.65  0.68156 
          25.84  0.67969 
          26.04  0.67783 
          26.23  0.67597 
          26.42  0.67413 
          26.61  0.67228 
          26.80  0.67045 
          26.99  0.66862 
          27.18  0.66681 
          27.38  0.66499 
          27.57  0.66319 
          27.76  0.66139 
          27.95  0.65960 
          28.14  0.65782 
          28.33  0.65604 
          28.52  0.65427 
          28.72  0.65251 
          28.91  0.65076 
          29.10  0.64901 
          29.29  0.64727 
          29.48  0.64554 
          29.67  0.64381 
          29.86  0.64209 
          30.06  0.64038 
          30.25  0.63868 
          30.44  0.63698 
          30.63  0.63529 
          30.82  0.63361 
          31.01  0.63194 
          31.20  0.63027 
          31.40  0.62861 
          31.59  0.62695 
          31.78  0.62531 
          31.97  0.62367 
          32.16  0.62204 
          32.35  0.62041 
          32.54  0.61879 
          32.74  0.61718 
          32.93  0.61558 
          33.12  0.61398 
          33.31  0.61239 
          33.50  0.61081 
          33.69  0.60924 
          33.88  0.60767 
          34.08  0.60611 
          34.27  0.60455 
          34.46  0.60301 
          34.65  0.60147 
          34.84  0.59994 
          35.03  0.59841 
          35.22  0.59689 
          35.42  0.59538 
          35.61  0.59388 
          35.80  0.59238 
          35.99  0.59089 
          36.18  0.58941 
          36.37  0.58793 
          36.56  0.58647 
          36.76  0.58500 
          36.95  0.58355 
          37.14  0.58210 
          37.33  0.58066 
          37.52  0.57923 
          37.71  0.57780 
          37.90  0.57639 
          38.10  0.57497 
          38.29  0.57357 
          38.48  0.57217 
          38.67  0.57078 
          38.86  0.56940 
          39.05  0.56802 
          39.24  0.56665 
          39.44  0.56529 
          39.63  0.56393 
          39.82  0.56259 
          40.01  0.56124 
          40.20  0.55991 
          40.39  0.55858 
          40.58  0.55726 
          40.78  0.55595 
          40.97  0.55464 
          41.16  0.55335 
          41.35  0.55205 
          41.54  0.55077 
          41.73  0.54949 
          41.92  0.54822 
          42.12  0.54696 
          42.31  0.54570 
          42.50  0.54445 
          42.69  0.54321 
          42.88  0.54197 
          43.07  0.54074 
          43.26  0.53952 
          43.46  0.53831 
          43.65  0.53710 
          43.84  0.53590 
          44.03  0.53470 
          44.22  0.53352 
          44.41  0.53234 
          44.60  0.53116 
          44.80  0.53000 
          44.99  0.52884 
          45.18  0.52769 
          45.37  0.52654 
          45.56  0.52541 
          45.75  0.52427 
          45.94  0.52315 
          46.14  0.52203 
          46.33  0.52092 
          46.52  0.51982 
          46.71  0.51873 
          46.90  0.51764 
          47.09  0.51655 
          47.29  0.51548 
          47.48  0.51441 
          47.67  0.51335 
          47.86  0.51230 
          48.05  0.51125 
          48.24  0.51021 
          48.43  0.50918 
          48.63  0.50815 
          48.82  0.50713 
          49.01  0.50612 
          49.20  0.50511 
          49.39  0.50411 
          49.58  0.50312 
          49.77  0.50214 
          49.97  0.50116 
          50.16  0.50019 
          50.35  0.49923 
          50.54  0.49827 
          50.73  0.49732 
          50.92  0.49638 
          51.11  0.49544 
          51.31  0.49451 
          51.50  0.49359 
          51.69  0.49268 
          51.88  0.49177 
          52.07  0.49087 
          52.26  0.48997 
          52.45  0.48909 
          52.65  0.48821 
          52.84  0.48733 
          53.03  0.48647 
          53.22  0.48561 
          53.41  0.48476 
          53.60  0.48391 
          53.79  0.48307 
          53.99  0.48224 
          54.18  0.48142 
          54.37  0.48060 
          54.56  0.47979 
          54.75  0.47898 
          54.94  0.47819 
          55.13  0.47740 
          55.33  0.47662 
          55.52  0.47584 
          55.71  0.47507 
          55.90  0.47431 
          56.09  0.47355 
          56.28  0.47281 
          56.47  0.47206 
          56.67  0.47133 
          56.86  0.47060 
          57.05  0.46988 
          57.24  0.46917 
          57.43  0.46846 
          57.62  0.46776 
          57.81  0.46707 
          58.01  0.46638 
          58.20  0.46571 
          58.39  0.46503 
          58.58  0.46437 
          58.77  0.46371 
          58.96  0.46306 
          59.15  0.46242 
          59.35  0.46178 
          59.54  0.46115 
          59.73  0.46053 
          59.92  0.45991 
          60.11  0.45930 
          60.30  0.45870 
          60.49  0.45810 
          60.69  0.45751 
          60.88  0.45693 
          61.07  0.45636 
          61.26  0.45579 
          61.45  0.45523 
          61.64  0.45468 
          61.83  0.45413 
          62.03  0.45359 
          62.22  0.45306 
          62.41  0.45253 
          62.60  0.45201 
          62.79  0.45150 
          62.98  0.45099 
          63.17  0.45050 
          63.37  0.45001 
          63.56  0.44952 
          63.75  0.44904 
          63.94  0.44857 
          64.13  0.44811 
          64.32  0.44765 
          64.51  0.44720 
          64.71  0.44676 
          64.90  0.44633 
          65.09  0.44590 
          65.28  0.44548 
          65.47  0.44506 
          65.66  0.44465 
          65.85  0.44425 
          66.05  0.44386 
          66.24  0.44347 
          66.43  0.44309 
          66.62  0.44272 
          66.81  0.44236 
          67.00  0.44200 
          67.19  0.44165 
          67.39  0.44130 
          67.58  0.44096 
          67.77  0.44063 
          67.96  0.44031 
          68.15  0.43999 
          68.34  0.43968 
          68.53  0.43938 
          68.73  0.43908 
          68.92  0.43879 
          69.11  0.43851 
          69.30  0.43824 
          69.49  0.43797 
          69.68  0.43771 
          69.87  0.43746 
          70.07  0.43721 
          70.26  0.43697 
          70.45  0.43674 
          70.64  0.43651 
          70.83  0.43629 
          71.02  0.43608 
          71.21  0.43588 
          71.41  0.43568 
          71.60  0.43549 
          71.79  0.43530 
          71.98  0.43513 
          72.17  0.43496 
          72.36  0.43479 
          72.55  0.43464 
          72.75  0.43449 
          72.94  0.43435 
          73.13  0.43422 
          73.32  0.43409 
          73.51  0.43397 
          73.70  0.43385 
          73.89  0.43375 
          74.09  0.43365 
          74.28  0.43356 
          74.47  0.43347 
          74.66  0.43339 
          74.85  0.43332 
          75.04  0.43326 
          75.23  0.43320 
          75.43  0.43315 
          75.62  0.43311 
          75.81  0.43307 
          76.00  0.43305 
          76.19  0.43303 
          76.38  0.43301 
          76.57  0.43300 
          76.77  0.43300 
          76.96  0.43301 
          77.15  0.43302 
          77.34  0.43305 
          77.53  0.43307 
          77.72  0.43311 
          77.92  0.43315 
          78.11  0.43320 
          78.30  0.43326 
          78.49  0.43332 
          78.68  0.43339 
          78.87  0.43347 
          79.06  0.43356 
          79.26  0.43365 
          79.45  0.43375 
          79.64  0.43386 
          79.83  0.43397 
          80.02  0.43409 
          80.21  0.43422 
          80.40  0.43435 
          80.60  0.43450 
          80.79  0.43465 
          80.98  0.43480 
          81.17  0.43497 
          81.36  0.43514 
          81.55  0.43532 
          81.74  0.43550 
          81.94  0.43570 
          82.13  0.43590 
          82.32  0.43610 
          82.51  0.43632 
          82.70  0.43654 
          82.89  0.43677 
          83.08  0.43700 
          83.28  0.43725 
          83.47  0.43750 
          83.66  0.43775 
          83.85  0.43802 
          84.04  0.43829 
          84.23  0.43857 
          84.42  0.43886 
          84.62  0.43915 
          84.81  0.43945 
          85.00  0.43976 
          85.19  0.44007 
          85.38  0.44040 
          85.57  0.44073 
          85.76  0.44106 
          85.96  0.44141 
          86.15  0.44176 
          86.34  0.44212 
          86.53  0.44249 
          86.72  0.44286 
          86.91  0.44324 
          87.10  0.44363 
          87.30  0.44402 
          87.49  0.44443 
          87.68  0.44484 
          87.87  0.44526 
          88.06  0.44568 
          88.25  0.44611 
          88.44  0.44655 
          88.64  0.44700 
          88.83  0.44745 
          89.02  0.44791 
          89.21  0.44838 
          89.40  0.44886 
          89.59  0.44934 
          89.78  0.44983 
          89.98  0.45033 
          90.17  0.45084 
          90.36  0.45135 
          90.55  0.45187 
          90.74  0.45240 
          90.93  0.45294 
          91.12  0.45348 
          91.32  0.45403 
          91.51  0.45459 
          91.70  0.45515 
          91.89  0.45572 
          92.08  0.45630 
          92.27  0.45689 
          92.46  0.45748 
          92.66  0.45809 
          92.85  0.45870 
          93.04  0.45931 
          93.23  0.45994 
          93.42  0.46057 
          93.61  0.46121 
          93.80  0.46186 
          94.00  0.46251 
          94.19  0.46317 
          94.38  0.46384 
          94.57  0.46452 
          94.76  0.46520 
          94.95  0.46590 
          95.14  0.46660 
          95.34  0.46730 
          95.53  0.46802 
          95.72  0.46874 
          95.91  0.46947 
          96.10  0.47021 
          96.29  0.47095 
          96.48  0.47170 
          96.68  0.47246 
          96.87  0.47323 
          97.06  0.47401 
          97.25  0.47479 
          97.44  0.47558 
          97.63  0.47638 
          97.82  0.47718 
          98.02  0.47800 
          98.21  0.47882 
          98.40  0.47964 
          98.59  0.48048 
          98.78  0.48132 
          98.97  0.48218 
          99.16  0.48303 
          99.36  0.48390 
          99.55  0.48478 
          99.74  0.48566 
          99.93  0.48655 
         100.12  0.48744 
         100.31  0.48835 
         100.50  0.48926 
         100.70  0.49018 
         100.89  0.49111 
         101.08  0.49205 
         101.27  0.49299 
         101.46  0.49394 
         101.65  0.49490 
         101.84  0.49587 
         102.04  0.49684 
         102.23  0.49783 
         102.42  0.49882 
         102.61  0.49982 
         102.80  0.50082 
         102.99  0.50184 
         103.18  0.50286 
         103.38  0.50389 
         103.57  0.50492 
         103.76  0.50597 
         103.95  0.50702 
         104.14  0.50808 
         104.33  0.50915 
         104.52  0.51023 
         104.72  0.51131 
         104.91  0.51240 
         105.10  0.51350 
         105.29  0.51461 
         105.48  0.51573 
         105.67  0.51685 
         105.86  0.51798 
         106.06  0.51912 
         106.25  0.52027 
         106.44  0.52143 
         106.63  0.52259 
         106.82  0.52376 
         107.01  0.52494 
         107.20  0.52613 
         107.40  0.52732 
         107.59  0.52853 
         107.78  0.52974 
         107.97  0.53096 
         108.16  0.53219 
         108.35  0.53342 
         108.55  0.53467 
         108.74  0.53592 
         108.93  0.53718 
         109.12  0.53844 
         109.31  0.53972 
         109.50  0.54100 
         109.69  0.54230 
         109.89  0.54360 
         110.08  0.54490 
         110.27  0.54622 
         110.46  0.54755 
         110.65  0.54888 
         110.84  0.55022 
         111.03  0.55157 
         111.23  0.55293 
         111.42  0.55429 
         111.61  0.55566 
         111.80  0.55705 
         111.99  0.55844 
         112.18  0.55983 
         112.37  0.56124 
         112.57  0.56266 
         112.76  0.56408 
         112.95  0.56551 
         113.14  0.56695 
         113.33  0.56840 
         113.52  0.56985 
         113.71  0.57132 
         113.91  0.57279 
         114.10  0.57427 
         114.29  0.57576 
         114.48  0.57726 
         114.67  0.57876 
         114.86  0.58028 
         115.05  0.58180 
         115.25  0.58333 
         115.44  0.58487 
         115.63  0.58642 
         115.82  0.58797 
         116.01  0.58954 
         116.20  0.59100 
         116.39  0.59252 
         116.59  0.59399 
         116.78  0.59552 
         116.97  0.59706 
         117.16  0.59854 
         117.35  0.60008 
         117.54  0.60156 
         117.73  0.60311 
         117.93  0.60459 
         118.12  0.60615 
         118.31  0.60772 
         118.50  0.60919 
         118.69  0.61077 
         118.88  0.61223 
         119.07  0.61381 
         119.27  0.61527 
         119.46  0.61686 
         119.65  0.61844 
         119.84  0.61989 
         120.03  0.62148 
         120.22  0.62292 
         120.41  0.62451 
         120.61  0.62611 
         120.80  0.62753 
         120.99  0.62912 
         121.18  0.63052 
         121.37  0.63211 
         121.56  0.63350 
         121.75  0.63509 
         121.95  0.63667 
         122.14  0.63803 
         122.33  0.63961 
         122.52  0.64094 
         122.71  0.64251 
         122.90  0.64408 
         123.09  0.64537 
         123.29  0.64694 
         123.48  0.64819 
         123.67  0.64974 
         123.86  0.65129 
         124.05  0.65249 
         124.24  0.65402 
         124.43  0.65517 
         124.63  0.65669 
         124.82  0.65821 
         125.01  0.65929 
         125.20  0.66079 
         125.39  0.66182 
         125.58  0.66329 
         125.77  0.66475 
         125.97  0.66571 
         126.16  0.66715 
         126.35  0.66858 
         126.54  0.66944 
         126.73  0.67084 
         126.92  0.67163 
         127.11  0.67300 
         127.31  0.67436 
         127.50  0.67504 
         127.69  0.67637 
         127.88  0.67768 
         128.07  0.67825 
         128.26  0.67952 
         128.45  0.67999 
         128.65  0.68122 
         128.84  0.68243 
         129.03  0.68278 
         129.22  0.68394 
         129.41  0.68509 
         129.60  0.68529 
         129.79  0.68638 
         129.99  0.68646 
         130.18  0.68750 
         130.37  0.68853 
         130.56  0.68844 
         130.75  0.68941 
         130.94  0.69035 
         131.13  0.69009 
         131.33  0.69097 
         131.52  0.69182 
         131.71  0.69138 
         131.90  0.69216 
         132.09  0.69157 
         132.28  0.69228 
         132.47  0.69297 
         132.67  0.69217 
         132.86  0.69278 
         133.05  0.69336 
         133.24  0.69235 
         133.43  0.69285 
         133.62  0.69332 
         133.81  0.69208 
         134.01  0.69246 
         134.20  0.69282 
         134.39  0.69134 
         134.58  0.69160 
         134.77  0.69184 
         134.96  0.69011 
         135.15  0.69024 
         135.35  0.69035 
         135.54  0.68836 
         135.73  0.68837 
         135.92  0.68834 
         136.11  0.68609 
         136.30  0.68596 
         136.49  0.68579 
         136.69  0.68326 
         136.88  0.68299 
         137.07  0.68268 
         137.26  0.67987 
         137.45  0.67945 
         137.64  0.67899 
         137.83  0.67590 
         138.03  0.67533 
         138.22  0.67472 
         138.41  0.67134 
         138.60  0.67061 
         138.79  0.66985 
         138.98  0.66617 
         139.18  0.66529 
         139.37  0.66436 
         139.56  0.66039 
         139.75  0.65935 
         139.94  0.65827 
         140.13  0.65399 
         140.32  0.65279 
         140.52  0.65155 
         140.71  0.64698 
         140.90  0.64562 
         141.09  0.64421 
         141.28  0.63934 
         141.47  0.63782 
         141.66  0.63626 
         141.86  0.63466 
         142.05  0.62941 
         142.24  0.62769 
         142.43  0.62593 
         142.62  0.62040 
         142.81  0.61852 
         143.00  0.61660 
         143.20  0.61078 
         143.39  0.60875 
         143.58  0.60667 
         143.77  0.60059 
         143.96  0.59840 
         144.15  0.59617 
         144.34  0.59391 
         144.54  0.58749 
         144.73  0.58512 
         144.92  0.58271 
         145.11  0.57603 
         145.30  0.57352 
         145.49  0.57097 
         145.68  0.56406 
         145.88  0.56141 
         146.07  0.55873 
         146.26  0.55601 
         146.45  0.54881 
         146.64  0.54600 
         146.83  0.54316 
         147.02  0.53576 
         147.22  0.53283 
         147.41  0.52987 
         147.60  0.52688 
         147.79  0.51924 
         147.98  0.51617 
         148.17  0.51307 
         148.36  0.50527 
         148.56  0.50210 
         148.75  0.49890 
         148.94  0.49567 
         149.13  0.48769 
         149.32  0.48440 
         149.51  0.48109 
         149.70  0.47776 
         149.90  0.46962 
         150.09  0.46624 
         150.28  0.46283 
         150.47  0.45460 
         150.66  0.45115 
         150.85  0.44767 
         151.04  0.44419 
         151.24  0.43587 
         151.43  0.43234 
         151.62  0.42880 
         151.81  0.42525 
         152.00  0.41687 
         152.19  0.41329 
         152.38  0.40971 
         152.58  0.40131 
         152.77  0.39770 
         152.96  0.39409 
         153.15  0.39047 
         153.34  0.38208 
         153.53  0.37845 
         153.72  0.37482 
         153.92  0.37118 
         154.11  0.36283 
         154.30  0.35919 
         154.49  0.35556 
         154.68  0.35192 
         154.87  0.34364 
         155.06  0.34002 
         155.26  0.33640 
         155.45  0.33278 
         155.64  0.32460 
         155.83  0.32100 
         156.02  0.31741 
         156.21  0.31383 
         156.40  0.30579 
         156.60  0.30223 
         156.79  0.29869 
         156.98  0.29515 
         157.17  0.28727 
         157.36  0.28378 
         157.55  0.28030 
         157.74  0.27682 
         157.94  0.26913 
         158.13  0.26571 
         158.32  0.26230 
         158.51  0.25891 
         158.70  0.25143 
         158.89  0.24809 
         159.08  0.24477 
         159.28  0.24146 
         159.47  0.23423 
         159.66  0.23098 
         159.85  0.22776 
         160.04  0.22455 
         160.23  0.21757 
         160.42  0.21443 
         160.62  0.21132 
         160.81  0.20822 
         161.00  0.20151 
         161.19  0.19849 
         161.38  0.19549 
         161.57  0.19251 
         161.76  0.18955 
         161.96  0.18319 
         162.15  0.18031 
         162.34  0.17746 
         162.53  0.17463 
         162.72  0.16856 
         162.91  0.16582 
         163.10  0.16309 
         163.30  0.16040 
         163.49  0.15464 
         163.68  0.15203 
         163.87  0.14944 
         164.06  0.14688 
         164.25  0.14434 
         164.44  0.13896 
         164.64  0.13651 
         164.83  0.13409 
         165.02  0.13169 
         165.21  0.12662 
         165.40  0.12431 
         165.59  0.12203 
         165.78  0.11977 
         165.98  0.11754 
         166.17  0.11285 
         166.36  0.11071 
         166.55  0.10859 
         166.74  0.10650 
         166.93  0.10444 
         167.12  0.10012 
         167.32  0.09814 
         167.51  0.09619 
         167.70  0.09427 
         167.89  0.09025 
         168.08  0.08841 
         168.27  0.08660 
         168.46  0.08481 
         168.66  0.08305 
         168.85  0.07939 
         169.04  0.07771 
         169.23  0.07605 
         169.42  0.07443 
         169.61  0.07282 
         169.81  0.06950 
         170.00  0.06797 
         170.19  0.06647 
         170.38  0.06500 
         170.57  0.06354 
         170.76  0.06054 
         170.95  0.05917 
         171.15  0.05781 
         171.34  0.05648 
         171.53  0.05517 
         171.72  0.05248 
         171.91  0.05124 
         172.10  0.05003 
         172.29  0.04884 
         172.49  0.04766 
         172.68  0.04526 
         172.87  0.04416 
         173.06  0.04307 
         173.25  0.04201 
         173.44  0.04096 
         173.63  0.03994 
         173.83  0.03785 
         174.02  0.03688 
         174.21  0.03594 
         174.40  0.03501 
         174.59  0.03411 
         174.78  0.03226 
         174.97  0.03141 
         175.17  0.03058 
         175.36  0.02976 
         175.55  0.02896 
         175.74  0.02734 
         175.93  0.02660 
         176.12  0.02586 
         176.31  0.02515 
         176.51  0.02445 
         176.70  0.02376 
         176.89  0.02238 
         177.08  0.02174 
         177.27  0.02112 
         177.46  0.02051 
         177.65  0.01991 
         177.85  0.01871 
         178.04  0.01816 
         178.23  0.01762 
         178.42  0.01709 
         178.61  0.01657 
         178.80  0.01607 
         178.99  0.01506 
         179.19  0.01459 
         179.38  0.01414 
         179.57  0.01369 
         179.76  0.01326 
         179.95  0.01283 
         180.14  0.01199 
         180.33  0.01160 
         180.53  0.01122 
         180.72  0.01084 
         180.91  0.01048 
         181.10  0.01013 
         181.29  0.00943 
         181.48  0.00910 
         181.67  0.00879 
         181.87  0.00848 
         182.06  0.00818 
         182.25  0.00789 
         182.44  0.00731 
         182.63  0.00704 
         182.82  0.00678 
         183.01  0.00652 
         183.21  0.00628 
         183.40  0.00604 
         183.59  0.00556 
         183.78  0.00534 
         183.97  0.00513 
         184.16  0.00492 
         184.35  0.00472 
         184.55  0.00452 
         184.74  0.00414 
         184.93  0.00396 
         185.12  0.00378 
         185.31  0.00361 
         185.50  0.00345 
         185.69  0.00329 
         185.89  0.00314 
         186.08  0.00283 
         186.27  0.00269 
         186.46  0.00256 
         186.65  0.00242 
         186.84  0.00229 
         187.03  0.00217 
         187.23  0.00205 
         187.42  0.00181 
         187.61  0.00170 
         187.80  0.00160 
         187.99  0.00150 
         188.18  0.00140 
         188.37  0.00130 
         188.57  0.00111 
         188.76  0.00102 
         188.95  0.00094 
         189.14  0.00086 
         189.33  0.00078 
         189.52  0.00070 
         189.71  0.00063 
         189.91  0.00048 
         190.10  0.00041 
         190.29  0.00035 
         190.48  0.00029 
         190.67  0.00023 
         190.86  0.00017 
         191.05  0.00011 
         191.25  0.00005 
